data_version,Target year,Market_Node,Technology,Technology_Simplified,Operational_Status,Value
ERAA 2024,2028,AT00,DSR,DSR,NA,490
ERAA 2024,2028,BE00,DSR,DSR,NA,2836
ERAA 2024,2028,CZ00,DSR,DSR,NA,110
ERAA 2024,2028,DE00,DSR,DSR,NA,2480
ERAA 2024,2028,EE00,DSR,DSR,NA,173
ERAA 2024,2028,ES00,DSR,DSR,NA,609
ERAA 2024,2028,FI00,DSR,DSR,NA,1411
ERAA 2024,2028,FR00,DSR,DSR,NA,5130
ERAA 2024,2028,GR00,DSR,DSR,NA,205
ERAA 2024,2028,HR00,DSR,DSR,NA,87
ERAA 2024,2028,IE00,DSR,DSR,NA,142
ERAA 2024,2028,LT00,DSR,DSR,NA,28
ERAA 2024,2028,LUG1,DSR,DSR,NA,20
ERAA 2024,2028,LV00,DSR,DSR,NA,150
ERAA 2024,2028,NL00,DSR,DSR,NA,1600
ERAA 2024,2028,NOM1,DSR,DSR,NA,1976
ERAA 2024,2028,NON1,DSR,DSR,NA,1305
ERAA 2024,2028,NOS1,DSR,DSR,NA,623
ERAA 2024,2028,NOS2,DSR,DSR,NA,3377
ERAA 2024,2028,NOS3,DSR,DSR,NA,1360
ERAA 2024,2028,PL00,DSR,DSR,Out of market/can be used for adequacy,853
ERAA 2024,2028,SE01,DSR,DSR,NA,197
ERAA 2024,2028,SE02,DSR,DSR,NA,297
ERAA 2024,2028,SE03,DSR,DSR,NA,860
ERAA 2024,2028,SE04,DSR,DSR,NA,243
ERAA 2024,2028,SI00,DSR,DSR,NA,10
ERAA 2024,2028,UKNI,DSR,DSR,NA,60
ERAA 2024,2028,AL00,Reservoir,Hydro,NA,1822
ERAA 2024,2028,AL00,Run of river,Hydro,NA,421
ERAA 2024,2028,AT00,Open loop pumping,Hydro,NA,4360
ERAA 2024,2028,AT00,Pondage,Hydro,NA,1149
ERAA 2024,2028,AT00,Reservoir,Hydro,NA,2532
ERAA 2024,2028,AT00,Run of river,Hydro,NA,4954
ERAA 2024,2028,BA00,Open loop pumping,Hydro,NA,440
ERAA 2024,2028,BA00,Pondage,Hydro,NA,228
ERAA 2024,2028,BA00,Reservoir,Hydro,NA,1616
ERAA 2024,2028,BA00,Run of river,Hydro,NA,41
ERAA 2024,2028,BE00,Closed loop pumping,Hydro,NA,1305
ERAA 2024,2028,BE00,Run of river,Hydro,NA,143
ERAA 2024,2028,BG00,Closed loop pumping,Hydro,NA,864
ERAA 2024,2028,BG00,Open loop pumping,Hydro,NA,535
ERAA 2024,2028,BG00,Reservoir,Hydro,NA,1281
ERAA 2024,2028,BG00,Run of river,Hydro,NA,536
ERAA 2024,2028,CH00,Closed loop pumping,Hydro,NA,1900
ERAA 2024,2028,CH00,Open loop pumping,Hydro,NA,2359
ERAA 2024,2028,CH00,Reservoir,Hydro,NA,8227
ERAA 2024,2028,CH00,Run of river,Hydro,NA,4202
ERAA 2024,2028,CZ00,Closed loop pumping,Hydro,NA,678
ERAA 2024,2028,CZ00,Open loop pumping,Hydro,NA,567
ERAA 2024,2028,CZ00,Reservoir,Hydro,NA,535
ERAA 2024,2028,CZ00,Run of river,Hydro,NA,432
ERAA 2024,2028,DE00,Closed loop pumping,Hydro,NA,6725
ERAA 2024,2028,DE00,Open loop pumping,Hydro,NA,2204
ERAA 2024,2028,DE00,Reservoir,Hydro,NA,1002
ERAA 2024,2028,DE00,Run of river,Hydro,NA,3934
ERAA 2024,2028,ES00,Closed loop pumping,Hydro,NA,3867
ERAA 2024,2028,ES00,Open loop pumping,Hydro,NA,2683
ERAA 2024,2028,ES00,Reservoir,Hydro,NA,11177
ERAA 2024,2028,ES00,Run of river,Hydro,NA,3412
ERAA 2024,2028,FI00,Reservoir,Hydro,NA,3237
ERAA 2024,2028,FR00,Closed loop pumping,Hydro,NA,1950
ERAA 2024,2028,FR00,Open loop pumping,Hydro,NA,1850
ERAA 2024,2028,FR00,Reservoir,Hydro,NA,9724
ERAA 2024,2028,FR00,Run of river,Hydro,NA,13600
ERAA 2024,2028,GR00,Closed loop pumping,Hydro,NA,680
ERAA 2024,2028,GR00,Open loop pumping,Hydro,NA,699
ERAA 2024,2028,GR00,Pondage,Hydro,NA,22
ERAA 2024,2028,GR00,Reservoir,Hydro,NA,2744
ERAA 2024,2028,GR00,Run of river,Hydro,NA,298
ERAA 2024,2028,HR00,Open loop pumping,Hydro,NA,281
ERAA 2024,2028,HR00,Pondage,Hydro,NA,321
ERAA 2024,2028,HR00,Reservoir,Hydro,NA,1412
ERAA 2024,2028,HR00,Run of river,Hydro,NA,63
ERAA 2024,2028,HU00,Run of river,Hydro,NA,63
ERAA 2024,2028,IE00,Closed loop pumping,Hydro,NA,292
ERAA 2024,2028,IE00,Run of river,Hydro,NA,215
ERAA 2024,2028,ITCA,Reservoir,Hydro,NA,699
ERAA 2024,2028,ITCA,Run of river,Hydro,NA,118
ERAA 2024,2028,ITCN,Reservoir,Hydro,NA,374
ERAA 2024,2028,ITCN,Run of river,Hydro,NA,308
ERAA 2024,2028,ITCS,Closed loop pumping,Hydro,NA,985
ERAA 2024,2028,ITCS,Open loop pumping,Hydro,NA,742
ERAA 2024,2028,ITCS,Reservoir,Hydro,NA,961
ERAA 2024,2028,ITCS,Run of river,Hydro,NA,680
ERAA 2024,2028,ITN1,Closed loop pumping,Hydro,NA,2380
ERAA 2024,2028,ITN1,Open loop pumping,Hydro,NA,2755
ERAA 2024,2028,ITN1,Reservoir,Hydro,NA,6075
ERAA 2024,2028,ITN1,Run of river,Hydro,NA,5663
ERAA 2024,2028,ITS1,Reservoir,Hydro,NA,177
ERAA 2024,2028,ITS1,Run of river,Hydro,NA,53
ERAA 2024,2028,ITSA,Closed loop pumping,Hydro,NA,240
ERAA 2024,2028,ITSA,Reservoir,Hydro,NA,142
ERAA 2024,2028,ITSA,Run of river,Hydro,NA,77
ERAA 2024,2028,ITSI,Closed loop pumping,Hydro,NA,500
ERAA 2024,2028,ITSI,Open loop pumping,Hydro,NA,80
ERAA 2024,2028,ITSI,Reservoir,Hydro,NA,37
ERAA 2024,2028,ITSI,Run of river,Hydro,NA,92
ERAA 2024,2028,LT00,Closed loop pumping,Hydro,NA,938
ERAA 2024,2028,LT00,Run of river,Hydro,NA,127
ERAA 2024,2028,LUG1,Run of river,Hydro,NA,27
ERAA 2024,2028,LUV1,Closed loop pumping,Hydro,NA,1300
ERAA 2024,2028,LV00,Pondage,Hydro,NA,1592
ERAA 2024,2028,ME00,Reservoir,Hydro,NA,706
ERAA 2024,2028,ME00,Run of river,Hydro,NA,581
ERAA 2024,2028,MK00,Reservoir,Hydro,NA,539
ERAA 2024,2028,MK00,Run of river,Hydro,NA,222
ERAA 2024,2028,NL00,Run of river,Hydro,NA,37
ERAA 2024,2028,NOM1,Open loop pumping,Hydro,NA,60
ERAA 2024,2028,NOM1,Reservoir,Hydro,NA,3182
ERAA 2024,2028,NOM1,Run of river,Hydro,NA,1173
ERAA 2024,2028,NON1,Open loop pumping,Hydro,NA,0
ERAA 2024,2028,NON1,Reservoir,Hydro,NA,4730
ERAA 2024,2028,NON1,Run of river,Hydro,NA,717
ERAA 2024,2028,NOS1,Open loop pumping,Hydro,NA,0
ERAA 2024,2028,NOS1,Reservoir,Hydro,NA,2890
ERAA 2024,2028,NOS1,Run of river,Hydro,NA,2984
ERAA 2024,2028,NOS2,Open loop pumping,Hydro,NA,238
ERAA 2024,2028,NOS2,Reservoir,Hydro,NA,9927
ERAA 2024,2028,NOS2,Run of river,Hydro,NA,1699
ERAA 2024,2028,NOS3,Open loop pumping,Hydro,NA,412
ERAA 2024,2028,NOS3,Reservoir,Hydro,NA,5509
ERAA 2024,2028,NOS3,Run of river,Hydro,NA,823
ERAA 2024,2028,PL00,Closed loop pumping,Hydro,NA,1333
ERAA 2024,2028,PL00,Open loop pumping,Hydro,NA,283
ERAA 2024,2028,PL00,Reservoir,Hydro,NA,205
ERAA 2024,2028,PL00,Run of river,Hydro,NA,524
ERAA 2024,2028,PT00,Marine,Hydro,NA,3
ERAA 2024,2028,PT00,Open loop pumping,Hydro,NA,3839
ERAA 2024,2028,PT00,Pondage,Hydro,NA,266
ERAA 2024,2028,PT00,Reservoir,Hydro,NA,3766
ERAA 2024,2028,PT00,Run of river,Hydro,NA,508
ERAA 2024,2028,RO00,Open loop pumping,Hydro,NA,810
ERAA 2024,2028,RO00,Reservoir,Hydro,NA,2281
ERAA 2024,2028,RO00,Run of river,Hydro,NA,3337
ERAA 2024,2028,RS00,Closed loop pumping,Hydro,NA,614
ERAA 2024,2028,RS00,Reservoir,Hydro,NA,435
ERAA 2024,2028,RS00,Run of river,Hydro,NA,2206
ERAA 2024,2028,SE01,Reservoir,Hydro,NA,5444
ERAA 2024,2028,SE02,Reservoir,Hydro,NA,7650
ERAA 2024,2028,SE03,Reservoir,Hydro,NA,2286
ERAA 2024,2028,SE04,Reservoir,Hydro,NA,237
ERAA 2024,2028,SI00,Closed loop pumping,Hydro,NA,180
ERAA 2024,2028,SI00,Pondage,Hydro,NA,1007
ERAA 2024,2028,SI00,Reservoir,Hydro,NA,21
ERAA 2024,2028,SI00,Run of river,Hydro,NA,128
ERAA 2024,2028,SK00,Closed loop pumping,Hydro,NA,760
ERAA 2024,2028,SK00,Open loop pumping,Hydro,NA,276
ERAA 2024,2028,SK00,Pondage,Hydro,NA,203
ERAA 2024,2028,SK00,Reservoir,Hydro,NA,21
ERAA 2024,2028,SK00,Run of river,Hydro,NA,1423
ERAA 2024,2028,UK00,Closed loop pumping,Hydro,NA,412
ERAA 2024,2028,UK00,Marine,Hydro,NA,124
ERAA 2024,2028,UK00,Run of river,Hydro,NA,1677
ERAA 2024,2028,UKNI,Reservoir,Hydro,NA,6
ERAA 2024,2028,AT00,Others (non-RES),Other non-RES,Available on market,851
ERAA 2024,2028,AT00,Others (non-RES),Other non-RES,NA,108
ERAA 2024,2028,BE00,Others (non-RES),Other non-RES,Available on market,1594
ERAA 2024,2028,BE00,Others (non-RES),Other non-RES,NA,48
ERAA 2024,2028,BG00,Others (non-RES),Other non-RES,Out of market/cannot be used for adequacy,184
ERAA 2024,2028,CH00,Others (non-RES),Other non-RES,Available on market,575
ERAA 2024,2028,CZ00,Others (non-RES),Other non-RES,Available on market,2088
ERAA 2024,2028,CZ00,Others (non-RES),Other non-RES,NA,80
ERAA 2024,2028,DE00,Others (non-RES),Other non-RES,Available on market,8351
ERAA 2024,2028,DE00,Others (non-RES),Other non-RES,NA,1852
ERAA 2024,2028,EE00,Others (non-RES),Other non-RES,Available on market,135
ERAA 2024,2028,EE00,Others (non-RES),Other non-RES,NA,8
ERAA 2024,2028,ES00,Others (non-RES),Other non-RES,Inelastic supply/fixed profile,4273
ERAA 2024,2028,FI00,Others (non-RES),Other non-RES,NA,153
ERAA 2024,2028,FR00,Others (non-RES),Other non-RES,Available on market,6834
ERAA 2024,2028,FR00,Others (non-RES),Other non-RES,NA,950
ERAA 2024,2028,HR00,Others (non-RES),Other non-RES,Available on market,200
ERAA 2024,2028,HU00,Others (non-RES),Other non-RES,Available on market,1118
ERAA 2024,2028,HU00,Others (non-RES),Other non-RES,NA,95
ERAA 2024,2028,IE00,Others (non-RES),Other non-RES,Available on market,138
ERAA 2024,2028,ITCA,Others (non-RES),Other non-RES,Available on market,26
ERAA 2024,2028,ITCA,Others (non-RES),Other non-RES,NA,21
ERAA 2024,2028,ITCN,Others (non-RES),Other non-RES,Available on market,396
ERAA 2024,2028,ITCN,Others (non-RES),Other non-RES,NA,32
ERAA 2024,2028,ITCS,Others (non-RES),Other non-RES,Available on market,411
ERAA 2024,2028,ITCS,Others (non-RES),Other non-RES,NA,180
ERAA 2024,2028,ITN1,Others (non-RES),Other non-RES,Available on market,2687
ERAA 2024,2028,ITN1,Others (non-RES),Other non-RES,NA,512
ERAA 2024,2028,ITS1,Others (non-RES),Other non-RES,Available on market,686
ERAA 2024,2028,ITS1,Others (non-RES),Other non-RES,NA,50
ERAA 2024,2028,ITSA,Others (non-RES),Other non-RES,Available on market,73
ERAA 2024,2028,ITSA,Others (non-RES),Other non-RES,NA,24
ERAA 2024,2028,ITSI,Others (non-RES),Other non-RES,Available on market,225
ERAA 2024,2028,ITSI,Others (non-RES),Other non-RES,NA,8
ERAA 2024,2028,LT00,Others (non-RES),Other non-RES,Available on market,24
ERAA 2024,2028,LT00,Others (non-RES),Other non-RES,NA,58
ERAA 2024,2028,LUG1,Others (non-RES),Other non-RES,Available on market,28
ERAA 2024,2028,LUG1,Others (non-RES),Other non-RES,NA,21
ERAA 2024,2028,NL00,Others (non-RES),Other non-RES,Available on market,3914
ERAA 2024,2028,NOM1,Others (non-RES),Other non-RES,Available on market,20
ERAA 2024,2028,NON1,Others (non-RES),Other non-RES,Available on market,195
ERAA 2024,2028,NOS1,Others (non-RES),Other non-RES,Available on market,5
ERAA 2024,2028,NOS2,Others (non-RES),Other non-RES,Available on market,29
ERAA 2024,2028,NOS3,Others (non-RES),Other non-RES,Available on market,16
ERAA 2024,2028,PL00,Others (non-RES),Other non-RES,Available on market,4868
ERAA 2024,2028,PL00,Others (non-RES),Other non-RES,NA,128
ERAA 2024,2028,PT00,Others (non-RES),Other non-RES,Inelastic supply/fixed profile,555
ERAA 2024,2028,PT00,Others (non-RES),Other non-RES,NA,82
ERAA 2024,2028,RS00,Others (non-RES),Other non-RES,NA,30
ERAA 2024,2028,SE01,Others (non-RES),Other non-RES,NA,15
ERAA 2024,2028,SE02,Others (non-RES),Other non-RES,NA,19
ERAA 2024,2028,SE03,Others (non-RES),Other non-RES,NA,343
ERAA 2024,2028,SE04,Others (non-RES),Other non-RES,NA,73
ERAA 2024,2028,SI00,Others (non-RES),Other non-RES,Available on market,204
ERAA 2024,2028,SK00,Others (non-RES),Other non-RES,Inelastic supply/fixed profile,117
ERAA 2024,2028,SK00,Others (non-RES),Other non-RES,NA,173
ERAA 2024,2028,UK00,Others (non-RES),Other non-RES,Available on market,5840
ERAA 2024,2028,UKNI,Others (non-RES),Other non-RES,Available on market,9
ERAA 2024,2028,AT00,Small biomass,Others RES,NA,594
ERAA 2024,2028,BE00,Small biomass,Others RES,NA,567
ERAA 2024,2028,BG00,Small biomass,Others RES,NA,282
ERAA 2024,2028,CH00,Not defined or splitting not known RES,Others RES,NA,398
ERAA 2024,2028,CZ00,Small biomass,Others RES,NA,470
ERAA 2024,2028,DE00,Small biomass,Others RES,NA,8800
ERAA 2024,2028,EE00,Not defined or splitting not known RES,Others RES,NA,8
ERAA 2024,2028,EE00,Small biomass,Others RES,NA,152
ERAA 2024,2028,ES00,Not defined or splitting not known RES,Others RES,NA,1697
ERAA 2024,2028,FI00,Small biomass,Others RES,NA,1729
ERAA 2024,2028,FR00,Not defined or splitting not known RES,Others RES,NA,715
ERAA 2024,2028,FR00,Small biomass,Others RES,NA,675
ERAA 2024,2028,GR00,Not defined or splitting not known RES,Others RES,NA,147
ERAA 2024,2028,GR00,Small biomass,Others RES,NA,145
ERAA 2024,2028,HR00,Geothermal,Others RES,NA,20
ERAA 2024,2028,HR00,Not defined or splitting not known RES,Others RES,NA,415
ERAA 2024,2028,HR00,Small biomass,Others RES,NA,99
ERAA 2024,2028,HU00,Geothermal,Others RES,NA,19
ERAA 2024,2028,HU00,Small biomass,Others RES,NA,116
ERAA 2024,2028,IE00,Small biomass,Others RES,NA,31
ERAA 2024,2028,ITCA,Small biomass,Others RES,NA,172
ERAA 2024,2028,ITCN,Geothermal,Others RES,NA,862
ERAA 2024,2028,ITCN,Small biomass,Others RES,NA,165
ERAA 2024,2028,ITCS,Small biomass,Others RES,NA,339
ERAA 2024,2028,ITN1,Small biomass,Others RES,NA,1788
ERAA 2024,2028,ITS1,Small biomass,Others RES,NA,408
ERAA 2024,2028,ITSA,Small biomass,Others RES,NA,94
ERAA 2024,2028,ITSI,Small biomass,Others RES,NA,94
ERAA 2024,2028,LT00,Not defined or splitting not known RES,Others RES,NA,36
ERAA 2024,2028,LT00,Small biomass,Others RES,NA,116
ERAA 2024,2028,LUG1,Small biomass,Others RES,NA,95
ERAA 2024,2028,LV00,Small biomass,Others RES,NA,128
ERAA 2024,2028,MK00,Small biomass,Others RES,NA,31
ERAA 2024,2028,NL00,Small biomass,Others RES,NA,415
ERAA 2024,2028,PL00,Not defined or splitting not known RES,Others RES,NA,302
ERAA 2024,2028,PL00,Small biomass,Others RES,NA,898
ERAA 2024,2028,PT00,Geothermal,Others RES,NA,34
ERAA 2024,2028,PT00,Not defined or splitting not known RES,Others RES,NA,460
ERAA 2024,2028,PT00,Small biomass,Others RES,NA,349
ERAA 2024,2028,RO00,Small biomass,Others RES,NA,130
ERAA 2024,2028,RS00,Not defined or splitting not known RES,Others RES,NA,103
ERAA 2024,2028,RS00,Small biomass,Others RES,NA,30
ERAA 2024,2028,SE01,Small biomass,Others RES,NA,179
ERAA 2024,2028,SE02,Small biomass,Others RES,NA,746
ERAA 2024,2028,SE03,Not defined or splitting not known RES,Others RES,NA,200
ERAA 2024,2028,SE03,Small biomass,Others RES,NA,1902
ERAA 2024,2028,SE04,Not defined or splitting not known RES,Others RES,NA,92
ERAA 2024,2028,SE04,Small biomass,Others RES,NA,661
ERAA 2024,2028,SI00,Small biomass,Others RES,NA,59
ERAA 2024,2028,SK00,Geothermal,Others RES,NA,4
ERAA 2024,2028,SK00,Not defined or splitting not known RES,Others RES,NA,33
ERAA 2024,2028,SK00,Small biomass,Others RES,NA,187
ERAA 2024,2028,UK00,Not defined or splitting not known RES,Others RES,NA,1414
ERAA 2024,2028,AL00,Solar roof-top PV,Solar,Market,0
ERAA 2024,2028,AL00,Solar (PV),Solar,NA,550
ERAA 2024,2028,AT00,Solar roof-top PV,Solar,Market,0
ERAA 2024,2028,AT00,Solar (PV),Solar,NA,10628
ERAA 2024,2028,BA00,Solar roof-top PV,Solar,Market,0
ERAA 2024,2028,BA00,Solar (PV),Solar,NA,704
ERAA 2024,2028,BE00,Solar roof-top PV,Solar,Market,0
ERAA 2024,2028,BE00,Solar (PV),Solar,NA,11850
ERAA 2024,2028,BG00,Solar roof-top PV,Solar,Market,0
ERAA 2024,2028,BG00,Solar (PV),Solar,NA,4701
ERAA 2024,2028,CH00,Solar roof-top PV,Solar,Market,0
ERAA 2024,2028,CH00,Solar (PV),Solar,NA,8280
ERAA 2024,2028,CZ00,Solar roof-top PV,Solar,Market,0
ERAA 2024,2028,CZ00,Solar (PV),Solar,NA,10569
ERAA 2024,2028,DE00,Solar roof-top PV,Solar,Market,91297
ERAA 2024,2028,DE00,Solar (PV),Solar,NA,70286
ERAA 2024,2028,DKE1,Solar roof-top PV,Solar,Market,0
ERAA 2024,2028,DKE1,Solar (PV),Solar,NA,4260
ERAA 2024,2028,DKW1,Solar roof-top PV,Solar,Market,0
ERAA 2024,2028,DKW1,Solar (PV),Solar,NA,10709
ERAA 2024,2028,EE00,Solar roof-top PV,Solar,Market,0
ERAA 2024,2028,EE00,Solar (PV),Solar,NA,1470
ERAA 2024,2028,ES00,Solar roof-top PV,Solar,Market,0
ERAA 2024,2028,ES00,Solar (PV),Solar,NA,54869
ERAA 2024,2028,ES00,Solar (thermal),Solar,NA,2354
ERAA 2024,2028,FI00,Solar roof-top PV,Solar,Market,0
ERAA 2024,2028,FI00,Solar (PV),Solar,NA,5298
ERAA 2024,2028,FR00,Solar roof-top PV,Solar,Market,0
ERAA 2024,2028,FR00,Solar (PV),Solar,NA,32516
ERAA 2024,2028,GR00,Solar roof-top PV,Solar,Market,0
ERAA 2024,2028,GR00,Solar (PV),Solar,NA,10811
ERAA 2024,2028,GR03,Solar roof-top PV,Solar,Market,0
ERAA 2024,2028,GR03,Solar (PV),Solar,NA,400
ERAA 2024,2028,GR03,Solar (thermal),Solar,NA,137
ERAA 2024,2028,HR00,Solar roof-top PV,Solar,Market,0
ERAA 2024,2028,HR00,Solar (PV),Solar,NA,1413
ERAA 2024,2028,HR00,Solar (thermal),Solar,NA,160
ERAA 2024,2028,HU00,Solar roof-top PV,Solar,Market,0
ERAA 2024,2028,HU00,Solar (PV),Solar,NA,12416
ERAA 2024,2028,IE00,Solar roof-top PV,Solar,Market,1070
ERAA 2024,2028,IE00,Solar (PV),Solar,NA,3257
ERAA 2024,2028,ITCA,Solar roof-top PV,Solar,Market,490
ERAA 2024,2028,ITCA,Solar (PV),Solar,NA,1488
ERAA 2024,2028,ITCN,Solar roof-top PV,Solar,Market,1722
ERAA 2024,2028,ITCN,Solar (PV),Solar,NA,5603
ERAA 2024,2028,ITCS,Solar roof-top PV,Solar,Market,3426
ERAA 2024,2028,ITCS,Solar (PV),Solar,NA,11381
ERAA 2024,2028,ITN1,Solar roof-top PV,Solar,Market,16646
ERAA 2024,2028,ITN1,Solar (PV),Solar,NA,29716
ERAA 2024,2028,ITS1,Solar roof-top PV,Solar,Market,1173
ERAA 2024,2028,ITS1,Solar (PV),Solar,NA,6107
ERAA 2024,2028,ITS1,Solar (thermal),Solar,NA,80
ERAA 2024,2028,ITSA,Solar roof-top PV,Solar,Market,997
ERAA 2024,2028,ITSA,Solar (PV),Solar,NA,3949
ERAA 2024,2028,ITSI,Solar roof-top PV,Solar,Market,1934
ERAA 2024,2028,ITSI,Solar (PV),Solar,NA,6440
ERAA 2024,2028,ITSI,Solar (thermal),Solar,NA,170
ERAA 2024,2028,LT00,Solar roof-top PV,Solar,Market,1450
ERAA 2024,2028,LT00,Solar (PV),Solar,NA,4850
ERAA 2024,2028,LUG1,Solar roof-top PV,Solar,Market,728
ERAA 2024,2028,LUG1,Solar (PV),Solar,NA,989
ERAA 2024,2028,LV00,Solar roof-top PV,Solar,Market,100
ERAA 2024,2028,LV00,Solar (PV),Solar,NA,1000
ERAA 2024,2028,LV00,Solar (thermal),Solar,NA,50
ERAA 2024,2028,ME00,Solar roof-top PV,Solar,Market,0
ERAA 2024,2028,ME00,Solar (PV),Solar,NA,1659
ERAA 2024,2028,MK00,Solar roof-top PV,Solar,Market,0
ERAA 2024,2028,MK00,Solar (PV),Solar,NA,313
ERAA 2024,2028,MT00,Solar roof-top PV,Solar,Market,0
ERAA 2024,2028,MT00,Solar (PV),Solar,NA,264
ERAA 2024,2028,NL00,Solar roof-top PV,Solar,Market,0
ERAA 2024,2028,NL00,Solar (PV),Solar,NA,51066
ERAA 2024,2028,NOM1,Solar roof-top PV,Solar,Market,0
ERAA 2024,2028,NOM1,Solar (PV),Solar,NA,500
ERAA 2024,2028,NON1,Solar roof-top PV,Solar,Market,0
ERAA 2024,2028,NOS0,Solar roof-top PV,Solar,Market,0
ERAA 2024,2028,NOS1,Solar (PV),Solar,NA,500
ERAA 2024,2028,NOS2,Solar (PV),Solar,NA,500
ERAA 2024,2028,NOS3,Solar (PV),Solar,NA,500
ERAA 2024,2028,PL00,Solar roof-top PV,Solar,Market,0
ERAA 2024,2028,PL00,Solar (PV),Solar,NA,23704
ERAA 2024,2028,PT00,Solar roof-top PV,Solar,Market,0
ERAA 2024,2028,PT00,Solar (PV),Solar,NA,7041
ERAA 2024,2028,RO00,Solar roof-top PV,Solar,Market,0
ERAA 2024,2028,RO00,Solar (PV),Solar,NA,6900
ERAA 2024,2028,RS00,Solar roof-top PV,Solar,Market,0
ERAA 2024,2028,RS00,Solar (PV),Solar,NA,1046
ERAA 2024,2028,SE01,Solar roof-top PV,Solar,Market,42
ERAA 2024,2028,SE01,Solar (PV),Solar,NA,33
ERAA 2024,2028,SE02,Solar roof-top PV,Solar,Market,289
ERAA 2024,2028,SE02,Solar (PV),Solar,NA,336
ERAA 2024,2028,SE03,Solar roof-top PV,Solar,Market,3521
ERAA 2024,2028,SE03,Solar (PV),Solar,NA,2230
ERAA 2024,2028,SE04,Solar roof-top PV,Solar,Market,1561
ERAA 2024,2028,SE04,Solar (PV),Solar,NA,1225
ERAA 2024,2028,SI00,Solar roof-top PV,Solar,Market,1561
ERAA 2024,2028,SI00,Solar (PV),Solar,NA,2200
ERAA 2024,2028,SK00,Solar roof-top PV,Solar,Market,195
ERAA 2024,2028,SK00,Solar (PV),Solar,NA,1250
ERAA 2024,2028,UK00,Solar roof-top PV,Solar,Market,0
ERAA 2024,2028,UK00,Solar (PV),Solar,NA,15632
ERAA 2024,2028,UKNI,Solar roof-top PV,Solar,Market,100
ERAA 2024,2028,UKNI,Solar (PV),Solar,NA,529
ERAA 2024,2028,AL00,Non-market batteries,Storage,Non-market,0
ERAA 2024,2028,AT00,Battery,Storage,NA,874
ERAA 2024,2028,AT00,Non-market batteries,Storage,Non-market,1526
ERAA 2024,2028,BA00,Battery,Storage,NA,30
ERAA 2024,2028,BA00,Non-market batteries,Storage,Non-market,0
ERAA 2024,2028,BE00,Battery,Storage,NA,1239
ERAA 2024,2028,BE00,Non-market batteries,Storage,Non-market,129
ERAA 2024,2028,BG00,Battery,Storage,NA,1280
ERAA 2024,2028,BG00,Non-market batteries,Storage,Non-market,0
ERAA 2024,2028,CH00,Battery,Storage,NA,1080
ERAA 2024,2028,CH00,Non-market batteries,Storage,Non-market,0
ERAA 2024,2028,CZ00,Battery,Storage,NA,2370
ERAA 2024,2028,CZ00,Non-market batteries,Storage,Non-market,0
ERAA 2024,2028,DE00,Battery,Storage,NA,4903
ERAA 2024,2028,DE00,Non-market batteries,Storage,Non-market,22223
ERAA 2024,2028,DKE1,Battery,Storage,NA,48
ERAA 2024,2028,DKE1,Non-market batteries,Storage,Non-market,0
ERAA 2024,2028,DKW1,Battery,Storage,NA,55
ERAA 2024,2028,DKW1,Non-market batteries,Storage,Non-market,0
ERAA 2024,2028,EE00,Battery,Storage,NA,227
ERAA 2024,2028,EE00,Non-market batteries,Storage,Non-market,0
ERAA 2024,2028,ES00,Battery,Storage,NA,1915
ERAA 2024,2028,ES00,Non-market batteries,Storage,Non-market,254
ERAA 2024,2028,FI00,Battery,Storage,NA,1649
ERAA 2024,2028,FI00,Non-market batteries,Storage,Non-market,0
ERAA 2024,2028,FR00,Battery,Storage,NA,470
ERAA 2024,2028,FR00,Non-market batteries,Storage,Non-market,0
ERAA 2024,2028,GR00,Battery,Storage,NA,1500
ERAA 2024,2028,GR00,Non-market batteries,Storage,Non-market,0
ERAA 2024,2028,GR03,Battery,Storage,NA,150
ERAA 2024,2028,GR03,Non-market batteries,Storage,Non-market,0
ERAA 2024,2028,HR00,Battery,Storage,NA,66
ERAA 2024,2028,HR00,Non-market batteries,Storage,Non-market,0
ERAA 2024,2028,HU00,Battery,Storage,NA,504
ERAA 2024,2028,HU00,Non-market batteries,Storage,Non-market,0
ERAA 2024,2028,IE00,Battery,Storage,NA,550
ERAA 2024,2028,IE00,Non-market batteries,Storage,Non-market,0
ERAA 2024,2028,ITCA,Battery,Storage,NA,156
ERAA 2024,2028,ITCA,Non-market batteries,Storage,Non-market,0
ERAA 2024,2028,ITCN,Battery,Storage,NA,282
ERAA 2024,2028,ITCN,Non-market batteries,Storage,Non-market,0
ERAA 2024,2028,ITCS,Battery,Storage,NA,1089
ERAA 2024,2028,ITCS,Non-market batteries,Storage,Non-market,0
ERAA 2024,2028,ITN1,Battery,Storage,NA,2404
ERAA 2024,2028,ITN1,Non-market batteries,Storage,Non-market,0
ERAA 2024,2028,ITS1,Battery,Storage,NA,425
ERAA 2024,2028,ITS1,Non-market batteries,Storage,Non-market,0
ERAA 2024,2028,ITSA,Battery,Storage,NA,1108
ERAA 2024,2028,ITSA,Non-market batteries,Storage,Non-market,0
ERAA 2024,2028,ITSI,Battery,Storage,NA,400
ERAA 2024,2028,ITSI,Non-market batteries,Storage,Non-market,0
ERAA 2024,2028,LT00,Battery,Storage,NA,1050
ERAA 2024,2028,LT00,Non-market batteries,Storage,Non-market,0
ERAA 2024,2028,LUG1,Battery,Storage,NA,10
ERAA 2024,2028,LUG1,Non-market batteries,Storage,Non-market,3
ERAA 2024,2028,LV00,Non-market batteries,Storage,Non-market,80
ERAA 2024,2028,ME00,Non-market batteries,Storage,Non-market,0
ERAA 2024,2028,MK00,Non-market batteries,Storage,Non-market,0
ERAA 2024,2028,MT00,Non-market batteries,Storage,Non-market,0
ERAA 2024,2028,NL00,Battery,Storage,NA,3374
ERAA 2024,2028,NL00,Non-market batteries,Storage,Non-market,1302
ERAA 2024,2028,NOM1,Non-market batteries,Storage,Non-market,0
ERAA 2024,2028,NON1,Non-market batteries,Storage,Non-market,0
ERAA 2024,2028,NOS0,Non-market batteries,Storage,Non-market,0
ERAA 2024,2028,PL00,Battery,Storage,NA,2113
ERAA 2024,2028,PL00,Non-market batteries,Storage,Non-market,0
ERAA 2024,2028,PT00,Battery,Storage,NA,167
ERAA 2024,2028,PT00,Non-market batteries,Storage,Non-market,0
ERAA 2024,2028,RO00,Battery,Storage,NA,330
ERAA 2024,2028,RO00,Non-market batteries,Storage,Non-market,0
ERAA 2024,2028,RS00,Non-market batteries,Storage,Non-market,0
ERAA 2024,2028,SE01,Non-market batteries,Storage,Non-market,0
ERAA 2024,2028,SE02,Non-market batteries,Storage,Non-market,0
ERAA 2024,2028,SE03,Non-market batteries,Storage,Non-market,0
ERAA 2024,2028,SE04,Non-market batteries,Storage,Non-market,0
ERAA 2024,2028,SI00,Battery,Storage,NA,487
ERAA 2024,2028,SI00,Non-market batteries,Storage,Non-market,0
ERAA 2024,2028,SK00,Battery,Storage,NA,170
ERAA 2024,2028,SK00,Non-market batteries,Storage,Non-market,34
ERAA 2024,2028,UK00,Battery,Storage,NA,17534
ERAA 2024,2028,UK00,Non-market batteries,Storage,Non-market,0
ERAA 2024,2028,UKNI,Non-market batteries,Storage,Non-market,0
ERAA 2024,2028,AL00,Gas,Thermal,Available on market,300
ERAA 2024,2028,AT00,Gas,Thermal,Available on market,3695
ERAA 2024,2028,AT00,Oil,Thermal,Available on market,122
ERAA 2024,2028,BA00,Lignite,Thermal,Available on market,1748
ERAA 2024,2028,BE00,Biofuel,Thermal,Available on market,354
ERAA 2024,2028,BE00,Gas,Thermal,Available on market,5498
ERAA 2024,2028,BE00,Hard coal,Thermal,Available on market,0
ERAA 2024,2028,BE00,Nuclear,Thermal,Available on market,2056
ERAA 2024,2028,BE00,Oil,Thermal,Available on market,140
ERAA 2024,2028,BG00,Gas,Thermal,Available on market,1259
ERAA 2024,2028,BG00,Hard coal,Thermal,Available on market,90
ERAA 2024,2028,BG00,Lignite,Thermal,Available on market,2014
ERAA 2024,2028,BG00,Nuclear,Thermal,Available on market,2000
ERAA 2024,2028,BG00,Lignite,Thermal,Mothballed,508
ERAA 2024,2028,BG00,Lignite,Thermal,Out of market/cannot be used for adequacy,169
ERAA 2024,2028,CH00,Nuclear,Thermal,Available on market,2930
ERAA 2024,2028,CZ00,Gas,Thermal,Available on market,2299
ERAA 2024,2028,CZ00,Lignite,Thermal,Available on market,131
ERAA 2024,2028,CZ00,Nuclear,Thermal,Available on market,4100
ERAA 2024,2028,DE00,Gas,Thermal,Available on market,24900
ERAA 2024,2028,DE00,Hard coal,Thermal,Available on market,7543
ERAA 2024,2028,DE00,Lignite,Thermal,Available on market,12953
ERAA 2024,2028,DE00,Oil,Thermal,Available on market,779
ERAA 2024,2028,DE00,Gas,Thermal,Out of market/cannot be used for adequacy,900
ERAA 2024,2028,DE00,Hard coal,Thermal,Out of market/cannot be used for adequacy,2117
ERAA 2024,2028,DE00,Lignite,Thermal,Out of market/cannot be used for adequacy,930
ERAA 2024,2028,DE00,Oil,Thermal,Out of market/cannot be used for adequacy,300
ERAA 2024,2028,DKE1,Biofuel,Thermal,Available on market,977
ERAA 2024,2028,DKE1,Gas,Thermal,Available on market,261
ERAA 2024,2028,DKE1,Hard coal,Thermal,Available on market,0
ERAA 2024,2028,DKE1,Oil,Thermal,Available on market,834
ERAA 2024,2028,DKW1,Biofuel,Thermal,Available on market,998
ERAA 2024,2028,DKW1,Gas,Thermal,Available on market,1377
ERAA 2024,2028,DKW1,Hard coal,Thermal,Available on market,410
ERAA 2024,2028,DKW1,Oil,Thermal,Available on market,172
ERAA 2024,2028,EE00,Biofuel,Thermal,Available on market,136
ERAA 2024,2028,EE00,Oil,Thermal,Available on market,216
ERAA 2024,2028,EE00,Gas,Thermal,Out of market/cannot be used for adequacy,250
ERAA 2024,2028,ES00,Gas,Thermal,Available on market,25060
ERAA 2024,2028,ES00,Nuclear,Thermal,Available on market,6106
ERAA 2024,2028,FI00,Biofuel,Thermal,Available on market,1596
ERAA 2024,2028,FI00,Gas,Thermal,Available on market,1407
ERAA 2024,2028,FI00,Hard coal,Thermal,Available on market,170
ERAA 2024,2028,FI00,Nuclear,Thermal,Available on market,4394
ERAA 2024,2028,FI00,Oil,Thermal,Available on market,41
ERAA 2024,2028,FR00,Gas,Thermal,Available on market,7189
ERAA 2024,2028,FR00,Nuclear,Thermal,Available on market,63020
ERAA 2024,2028,FR00,Oil,Thermal,Available on market,971
ERAA 2024,2028,GR00,Gas,Thermal,Available on market,7687
ERAA 2024,2028,GR00,Lignite,Thermal,Available on market,660
ERAA 2024,2028,GR03,Oil,Thermal,Available on market,408
ERAA 2024,2028,HR00,Gas,Thermal,Available on market,1474
ERAA 2024,2028,HR00,Hard coal,Thermal,Available on market,290
ERAA 2024,2028,HR00,Oil,Thermal,Available on market,303
ERAA 2024,2028,HU00,Biofuel,Thermal,Available on market,202
ERAA 2024,2028,HU00,Gas,Thermal,Available on market,3434
ERAA 2024,2028,HU00,Hard coal,Thermal,Available on market,0
ERAA 2024,2028,HU00,Nuclear,Thermal,Available on market,1917
ERAA 2024,2028,HU00,Oil,Thermal,Available on market,495
ERAA 2024,2028,IE00,Biofuel,Thermal,Available on market,157
ERAA 2024,2028,IE00,Gas,Thermal,Available on market,5033
ERAA 2024,2028,IE00,Lignite,Thermal,Available on market,39
ERAA 2024,2028,IE00,Oil,Thermal,Available on market,188
ERAA 2024,2028,IE00,Gas,Thermal,Out of market/can be used for adequacy,741
ERAA 2024,2028,IE00,Hard coal,Thermal,Out of market/can be used for adequacy,500
ERAA 2024,2028,IE00,Oil,Thermal,Out of market/can be used for adequacy,250
ERAA 2024,2028,ITCA,Gas,Thermal,Available on market,3498
ERAA 2024,2028,ITCN,Gas,Thermal,Available on market,1649
ERAA 2024,2028,ITCS,Gas,Thermal,Available on market,7470
ERAA 2024,2028,ITCS,Oil,Thermal,Available on market,80
ERAA 2024,2028,ITN1,Gas,Thermal,Available on market,25116
ERAA 2024,2028,ITS1,Gas,Thermal,Available on market,4462
ERAA 2024,2028,ITSA,Gas,Thermal,Available on market,43
ERAA 2024,2028,ITSA,Hard coal,Thermal,Available on market,267
ERAA 2024,2028,ITSI,Gas,Thermal,Available on market,3428
ERAA 2024,2028,LT00,Gas,Thermal,Available on market,503
ERAA 2024,2028,LT00,Gas,Thermal,Out of market/cannot be used for adequacy,574
ERAA 2024,2028,LV00,Gas,Thermal,Available on market,1073
ERAA 2024,2028,ME00,Lignite,Thermal,Available on market,225
ERAA 2024,2028,MK00,Gas,Thermal,Available on market,760
ERAA 2024,2028,MT00,Gas,Thermal,Available on market,336
ERAA 2024,2028,MT00,Oil,Thermal,Out of market/can be used for adequacy,175
ERAA 2024,2028,NL00,Biofuel,Thermal,Available on market,710
ERAA 2024,2028,NL00,Gas,Thermal,Available on market,12470
ERAA 2024,2028,NL00,Hard coal,Thermal,Available on market,2671
ERAA 2024,2028,NL00,Nuclear,Thermal,Available on market,486
ERAA 2024,2028,PL00,Biofuel,Thermal,Available on market,629
ERAA 2024,2028,PL00,Gas,Thermal,Available on market,8315
ERAA 2024,2028,PL00,Hard coal,Thermal,Available on market,13287
ERAA 2024,2028,PL00,Lignite,Thermal,Available on market,6520
ERAA 2024,2028,PT00,Gas,Thermal,Available on market,3829
ERAA 2024,2028,RO00,Gas,Thermal,Available on market,6052
ERAA 2024,2028,RO00,Hard coal,Thermal,Available on market,130
ERAA 2024,2028,RO00,Nuclear,Thermal,Available on market,650
ERAA 2024,2028,RS00,Gas,Thermal,Available on market,401
ERAA 2024,2028,RS00,Lignite,Thermal,Available on market,5050
ERAA 2024,2028,SE01,Gas,Thermal,Available on market,97
ERAA 2024,2028,SE03,Gas,Thermal,Available on market,270
ERAA 2024,2028,SE03,Nuclear,Thermal,Available on market,6961
ERAA 2024,2028,SE03,Oil,Thermal,Available on market,95
ERAA 2024,2028,SE03,Oil,Thermal,Out of market/cannot be used for adequacy,826
ERAA 2024,2028,SE04,Gas,Thermal,Available on market,436
ERAA 2024,2028,SE04,Oil,Thermal,Out of market/cannot be used for adequacy,569
ERAA 2024,2028,SI00,Gas,Thermal,Available on market,594
ERAA 2024,2028,SI00,Hard coal,Thermal,Available on market,81
ERAA 2024,2028,SI00,Lignite,Thermal,Available on market,539
ERAA 2024,2028,SI00,Nuclear,Thermal,Available on market,696
ERAA 2024,2028,SI00,Gas,Thermal,Out of market/cannot be used for adequacy,58
ERAA 2024,2028,SK00,Biofuel,Thermal,Available on market,150
ERAA 2024,2028,SK00,Gas,Thermal,Available on market,738
ERAA 2024,2028,SK00,Hard coal,Thermal,Available on market,269
ERAA 2024,2028,SK00,Lignite,Thermal,Available on market,56
ERAA 2024,2028,SK00,Nuclear,Thermal,Available on market,2776
ERAA 2024,2028,SK00,Oil,Thermal,Available on market,133
ERAA 2024,2028,SK00,Gas,Thermal,Out of market/cannot be used for adequacy,206
ERAA 2024,2028,SK00,Oil,Thermal,Out of market/cannot be used for adequacy,109
ERAA 2024,2028,UK00,Gas,Thermal,Available on market,36474
ERAA 2024,2028,UK00,Nuclear,Thermal,Available on market,4570
ERAA 2024,2028,UK00,Oil,Thermal,Available on market,6545
ERAA 2024,2028,UKNI,Biofuel,Thermal,Available on market,18
ERAA 2024,2028,UKNI,Gas,Thermal,Available on market,1683
ERAA 2024,2028,UKNI,Lignite,Thermal,Available on market,0
ERAA 2024,2028,UKNI,Oil,Thermal,Available on market,389
ERAA 2024,2028,AL00,Wind onshore,Wind,NA,200
ERAA 2024,2028,AT00,Wind onshore,Wind,NA,7318
ERAA 2024,2028,BA00,Wind onshore,Wind,NA,1028
ERAA 2024,2028,BE00,Wind offshore,Wind,NA,2260
ERAA 2024,2028,BE00,Wind onshore,Wind,NA,4588
ERAA 2024,2028,BG00,Wind offshore,Wind,NA,100
ERAA 2024,2028,BG00,Wind onshore,Wind,NA,901
ERAA 2024,2028,CH00,Wind onshore,Wind,NA,247
ERAA 2024,2028,CZ00,Wind onshore,Wind,NA,732
ERAA 2024,2028,DE00,Wind offshore,Wind,NA,15097
ERAA 2024,2028,DE00,Wind onshore,Wind,NA,85990
ERAA 2024,2028,DEKF,Wind offshore,Wind,NA,336
ERAA 2024,2028,DKE1,Wind offshore,Wind,NA,873
ERAA 2024,2028,DKE1,Wind onshore,Wind,NA,941
ERAA 2024,2028,DKKF,Wind offshore,Wind,NA,605
ERAA 2024,2028,DKW1,Wind offshore,Wind,NA,2772
ERAA 2024,2028,DKW1,Wind onshore,Wind,NA,5613
ERAA 2024,2028,EE00,Wind onshore,Wind,NA,1362
ERAA 2024,2028,ES00,Wind offshore,Wind,NA,100
ERAA 2024,2028,ES00,Wind onshore,Wind,NA,42038
ERAA 2024,2028,FI00,Wind onshore,Wind,NA,16977
ERAA 2024,2028,FR00,Wind offshore,Wind,NA,3015
ERAA 2024,2028,FR00,Wind onshore,Wind,NA,27640
ERAA 2024,2028,GR00,Wind onshore,Wind,NA,6196
ERAA 2024,2028,GR03,Wind onshore,Wind,NA,634
ERAA 2024,2028,HR00,Wind onshore,Wind,NA,2580
ERAA 2024,2028,HU00,Wind onshore,Wind,NA,325
ERAA 2024,2028,IE00,Wind offshore,Wind,NA,725
ERAA 2024,2028,IE00,Wind onshore,Wind,NA,6700
ERAA 2024,2028,ITCA,Wind onshore,Wind,NA,1989
ERAA 2024,2028,ITCN,Wind onshore,Wind,NA,256
ERAA 2024,2028,ITCS,Wind onshore,Wind,NA,4422
ERAA 2024,2028,ITN1,Wind onshore,Wind,NA,380
ERAA 2024,2028,ITS1,Wind offshore,Wind,NA,30
ERAA 2024,2028,ITS1,Wind onshore,Wind,NA,8702
ERAA 2024,2028,ITSA,Wind onshore,Wind,NA,2140
ERAA 2024,2028,ITSI,Wind onshore,Wind,NA,4056
ERAA 2024,2028,LT00,Wind offshore,Wind,NA,722
ERAA 2024,2028,LT00,Wind onshore,Wind,NA,4097
ERAA 2024,2028,LUG1,Wind onshore,Wind,NA,400
ERAA 2024,2028,LV00,Wind onshore,Wind,NA,358
ERAA 2024,2028,ME00,Wind onshore,Wind,NA,275
ERAA 2024,2028,MK00,Wind onshore,Wind,NA,210
ERAA 2024,2028,NL00,Wind offshore,Wind,NA,8139
ERAA 2024,2028,NL00,Wind onshore,Wind,NA,9100
ERAA 2024,2028,NOM1,Wind onshore,Wind,NA,2075
ERAA 2024,2028,NON1,Wind onshore,Wind,NA,1108
ERAA 2024,2028,NOS1,Wind onshore,Wind,NA,386
ERAA 2024,2028,NOS2,Wind offshore,Wind,NA,4
ERAA 2024,2028,NOS2,Wind onshore,Wind,NA,1855
ERAA 2024,2028,PL00,Wind offshore,Wind,NA,6033
ERAA 2024,2028,PL00,Wind onshore,Wind,NA,12740
ERAA 2024,2028,PT00,Wind offshore,Wind,NA,121
ERAA 2024,2028,PT00,Wind onshore,Wind,NA,7304
ERAA 2024,2028,RO00,Wind onshore,Wind,NA,5500
ERAA 2024,2028,RS00,Wind onshore,Wind,NA,4701
ERAA 2024,2028,SE01,Wind onshore,Wind,NA,4083
ERAA 2024,2028,SE02,Wind onshore,Wind,NA,9204
ERAA 2024,2028,SE03,Wind offshore,Wind,NA,30
ERAA 2024,2028,SE03,Wind onshore,Wind,NA,5538
ERAA 2024,2028,SE04,Wind offshore,Wind,NA,162
ERAA 2024,2028,SE04,Wind onshore,Wind,NA,2617
ERAA 2024,2028,SI00,Wind onshore,Wind,NA,93
ERAA 2024,2028,SK00,Wind onshore,Wind,NA,569
ERAA 2024,2028,UK00,Wind offshore,Wind,NA,29015
ERAA 2024,2028,UK00,Wind onshore,Wind,NA,20611
ERAA 2024,2028,UKNI,Wind onshore,Wind,NA,1990
ERAA 2024,2030,AT00,DSR,DSR,NA,710
ERAA 2024,2030,BE00,DSR,DSR,NA,3144
ERAA 2024,2030,CZ00,DSR,DSR,NA,150
ERAA 2024,2030,DE00,DSR,DSR,NA,5000
ERAA 2024,2030,EE00,DSR,DSR,NA,198
ERAA 2024,2030,ES00,DSR,DSR,NA,1197
ERAA 2024,2030,FI00,DSR,DSR,NA,1664
ERAA 2024,2030,FR00,DSR,DSR,NA,5710
ERAA 2024,2030,GR00,DSR,DSR,NA,285
ERAA 2024,2030,HR00,DSR,DSR,NA,87
ERAA 2024,2030,IE00,DSR,DSR,NA,142
ERAA 2024,2030,LT00,DSR,DSR,NA,40
ERAA 2024,2030,LUG1,DSR,DSR,NA,45
ERAA 2024,2030,LV00,DSR,DSR,NA,150
ERAA 2024,2030,NL00,DSR,DSR,NA,1700
ERAA 2024,2030,NOM1,DSR,DSR,NA,2038
ERAA 2024,2030,NON1,DSR,DSR,NA,1563
ERAA 2024,2030,NOS1,DSR,DSR,NA,690
ERAA 2024,2030,NOS2,DSR,DSR,NA,3840
ERAA 2024,2030,NOS3,DSR,DSR,NA,1438
ERAA 2024,2030,SE01,DSR,DSR,NA,214
ERAA 2024,2030,SE02,DSR,DSR,NA,323
ERAA 2024,2030,SE03,DSR,DSR,NA,937
ERAA 2024,2030,SE04,DSR,DSR,NA,265
ERAA 2024,2030,SI00,DSR,DSR,NA,30
ERAA 2024,2030,UKNI,DSR,DSR,NA,60
ERAA 2024,2030,AL00,Reservoir,Hydro,NA,2032
ERAA 2024,2030,AL00,Run of river,Hydro,NA,491
ERAA 2024,2030,AT00,Closed loop pumping,Hydro,NA,300
ERAA 2024,2030,AT00,Open loop pumping,Hydro,NA,5800
ERAA 2024,2030,AT00,Pondage,Hydro,NA,1149
ERAA 2024,2030,AT00,Reservoir,Hydro,NA,2532
ERAA 2024,2030,AT00,Run of river,Hydro,NA,5216
ERAA 2024,2030,BA00,Open loop pumping,Hydro,NA,440
ERAA 2024,2030,BA00,Pondage,Hydro,NA,228
ERAA 2024,2030,BA00,Reservoir,Hydro,NA,1616
ERAA 2024,2030,BA00,Run of river,Hydro,NA,41
ERAA 2024,2030,BE00,Closed loop pumping,Hydro,NA,1305
ERAA 2024,2030,BE00,Run of river,Hydro,NA,148
ERAA 2024,2030,BG00,Closed loop pumping,Hydro,NA,864
ERAA 2024,2030,BG00,Open loop pumping,Hydro,NA,535
ERAA 2024,2030,BG00,Reservoir,Hydro,NA,1281
ERAA 2024,2030,BG00,Run of river,Hydro,NA,536
ERAA 2024,2030,CH00,Closed loop pumping,Hydro,NA,1900
ERAA 2024,2030,CH00,Open loop pumping,Hydro,NA,2460
ERAA 2024,2030,CH00,Reservoir,Hydro,NA,8530
ERAA 2024,2030,CH00,Run of river,Hydro,NA,4215
ERAA 2024,2030,CZ00,Closed loop pumping,Hydro,NA,678
ERAA 2024,2030,CZ00,Open loop pumping,Hydro,NA,658
ERAA 2024,2030,CZ00,Reservoir,Hydro,NA,535
ERAA 2024,2030,CZ00,Run of river,Hydro,NA,432
ERAA 2024,2030,DE00,Closed loop pumping,Hydro,NA,6875
ERAA 2024,2030,DE00,Open loop pumping,Hydro,NA,2204
ERAA 2024,2030,DE00,Reservoir,Hydro,NA,1002
ERAA 2024,2030,DE00,Run of river,Hydro,NA,3934
ERAA 2024,2030,ES00,Closed loop pumping,Hydro,NA,6461
ERAA 2024,2030,ES00,Open loop pumping,Hydro,NA,3123
ERAA 2024,2030,ES00,Reservoir,Hydro,NA,11177
ERAA 2024,2030,ES00,Run of river,Hydro,NA,3667
ERAA 2024,2030,FI00,Reservoir,Hydro,NA,3237
ERAA 2024,2030,FR00,Closed loop pumping,Hydro,NA,1950
ERAA 2024,2030,FR00,Open loop pumping,Hydro,NA,1850
ERAA 2024,2030,FR00,Reservoir,Hydro,NA,9847
ERAA 2024,2030,FR00,Run of river,Hydro,NA,13600
ERAA 2024,2030,GR00,Closed loop pumping,Hydro,NA,680
ERAA 2024,2030,GR00,Open loop pumping,Hydro,NA,699
ERAA 2024,2030,GR00,Pondage,Hydro,NA,22
ERAA 2024,2030,GR00,Reservoir,Hydro,NA,2744
ERAA 2024,2030,GR00,Run of river,Hydro,NA,302
ERAA 2024,2030,HR00,Open loop pumping,Hydro,NA,281
ERAA 2024,2030,HR00,Pondage,Hydro,NA,321
ERAA 2024,2030,HR00,Reservoir,Hydro,NA,1412
ERAA 2024,2030,HR00,Run of river,Hydro,NA,63
ERAA 2024,2030,HU00,Run of river,Hydro,NA,63
ERAA 2024,2030,IE00,Closed loop pumping,Hydro,NA,292
ERAA 2024,2030,IE00,Run of river,Hydro,NA,215
ERAA 2024,2030,ITCA,Reservoir,Hydro,NA,699
ERAA 2024,2030,ITCA,Run of river,Hydro,NA,118
ERAA 2024,2030,ITCN,Reservoir,Hydro,NA,374
ERAA 2024,2030,ITCN,Run of river,Hydro,NA,308
ERAA 2024,2030,ITCS,Closed loop pumping,Hydro,NA,985
ERAA 2024,2030,ITCS,Open loop pumping,Hydro,NA,742
ERAA 2024,2030,ITCS,Reservoir,Hydro,NA,961
ERAA 2024,2030,ITCS,Run of river,Hydro,NA,680
ERAA 2024,2030,ITN1,Closed loop pumping,Hydro,NA,2380
ERAA 2024,2030,ITN1,Open loop pumping,Hydro,NA,2755
ERAA 2024,2030,ITN1,Reservoir,Hydro,NA,6075
ERAA 2024,2030,ITN1,Run of river,Hydro,NA,5663
ERAA 2024,2030,ITS1,Reservoir,Hydro,NA,177
ERAA 2024,2030,ITS1,Run of river,Hydro,NA,53
ERAA 2024,2030,ITSA,Closed loop pumping,Hydro,NA,240
ERAA 2024,2030,ITSA,Reservoir,Hydro,NA,142
ERAA 2024,2030,ITSA,Run of river,Hydro,NA,77
ERAA 2024,2030,ITSI,Closed loop pumping,Hydro,NA,500
ERAA 2024,2030,ITSI,Open loop pumping,Hydro,NA,80
ERAA 2024,2030,ITSI,Reservoir,Hydro,NA,37
ERAA 2024,2030,ITSI,Run of river,Hydro,NA,92
ERAA 2024,2030,LT00,Closed loop pumping,Hydro,NA,938
ERAA 2024,2030,LT00,Run of river,Hydro,NA,127
ERAA 2024,2030,LUG1,Run of river,Hydro,NA,27
ERAA 2024,2030,LUV1,Closed loop pumping,Hydro,NA,1300
ERAA 2024,2030,LV00,Pondage,Hydro,NA,1592
ERAA 2024,2030,ME00,Reservoir,Hydro,NA,706
ERAA 2024,2030,ME00,Run of river,Hydro,NA,581
ERAA 2024,2030,MK00,Reservoir,Hydro,NA,729
ERAA 2024,2030,MK00,Run of river,Hydro,NA,231
ERAA 2024,2030,NL00,Run of river,Hydro,NA,37
ERAA 2024,2030,NOM1,Open loop pumping,Hydro,NA,60
ERAA 2024,2030,NOM1,Reservoir,Hydro,NA,3206
ERAA 2024,2030,NOM1,Run of river,Hydro,NA,1184
ERAA 2024,2030,NON1,Open loop pumping,Hydro,NA,0
ERAA 2024,2030,NON1,Reservoir,Hydro,NA,4754
ERAA 2024,2030,NON1,Run of river,Hydro,NA,727
ERAA 2024,2030,NOS1,Open loop pumping,Hydro,NA,0
ERAA 2024,2030,NOS1,Reservoir,Hydro,NA,3269
ERAA 2024,2030,NOS1,Run of river,Hydro,NA,3002
ERAA 2024,2030,NOS2,Open loop pumping,Hydro,NA,238
ERAA 2024,2030,NOS2,Reservoir,Hydro,NA,10894
ERAA 2024,2030,NOS2,Run of river,Hydro,NA,1724
ERAA 2024,2030,NOS3,Open loop pumping,Hydro,NA,412
ERAA 2024,2030,NOS3,Reservoir,Hydro,NA,5527
ERAA 2024,2030,NOS3,Run of river,Hydro,NA,831
ERAA 2024,2030,PL00,Closed loop pumping,Hydro,NA,1333
ERAA 2024,2030,PL00,Open loop pumping,Hydro,NA,283
ERAA 2024,2030,PL00,Reservoir,Hydro,NA,205
ERAA 2024,2030,PL00,Run of river,Hydro,NA,524
ERAA 2024,2030,PT00,Marine,Hydro,NA,181
ERAA 2024,2030,PT00,Open loop pumping,Hydro,NA,3839
ERAA 2024,2030,PT00,Pondage,Hydro,NA,266
ERAA 2024,2030,PT00,Reservoir,Hydro,NA,3766
ERAA 2024,2030,PT00,Run of river,Hydro,NA,508
ERAA 2024,2030,RO00,Open loop pumping,Hydro,NA,810
ERAA 2024,2030,RO00,Reservoir,Hydro,NA,2403
ERAA 2024,2030,RO00,Run of river,Hydro,NA,3364
ERAA 2024,2030,RS00,Closed loop pumping,Hydro,NA,614
ERAA 2024,2030,RS00,Reservoir,Hydro,NA,435
ERAA 2024,2030,RS00,Run of river,Hydro,NA,2214
ERAA 2024,2030,SE01,Reservoir,Hydro,NA,5444
ERAA 2024,2030,SE02,Reservoir,Hydro,NA,7650
ERAA 2024,2030,SE03,Reservoir,Hydro,NA,2286
ERAA 2024,2030,SE04,Reservoir,Hydro,NA,237
ERAA 2024,2030,SI00,Closed loop pumping,Hydro,NA,180
ERAA 2024,2030,SI00,Pondage,Hydro,NA,1052
ERAA 2024,2030,SI00,Reservoir,Hydro,NA,21
ERAA 2024,2030,SI00,Run of river,Hydro,NA,128
ERAA 2024,2030,SK00,Closed loop pumping,Hydro,NA,760
ERAA 2024,2030,SK00,Open loop pumping,Hydro,NA,276
ERAA 2024,2030,SK00,Pondage,Hydro,NA,203
ERAA 2024,2030,SK00,Reservoir,Hydro,NA,21
ERAA 2024,2030,SK00,Run of river,Hydro,NA,1425
ERAA 2024,2030,UK00,Closed loop pumping,Hydro,NA,412
ERAA 2024,2030,UK00,Marine,Hydro,NA,154
ERAA 2024,2030,UK00,Run of river,Hydro,NA,1677
ERAA 2024,2030,UKNI,Reservoir,Hydro,NA,6
ERAA 2024,2030,AT00,Others (non-RES),Other non-RES,Available on market,851
ERAA 2024,2030,AT00,Others (non-RES),Other non-RES,NA,108
ERAA 2024,2030,BE00,Others (non-RES),Other non-RES,Available on market,1594
ERAA 2024,2030,BE00,Others (non-RES),Other non-RES,NA,48
ERAA 2024,2030,BG00,Others (non-RES),Other non-RES,Out of market/cannot be used for adequacy,184
ERAA 2024,2030,CH00,Others (non-RES),Other non-RES,Available on market,567
ERAA 2024,2030,CZ00,Others (non-RES),Other non-RES,Available on market,1851
ERAA 2024,2030,CZ00,Others (non-RES),Other non-RES,NA,149
ERAA 2024,2030,DE00,Others (non-RES),Other non-RES,Available on market,7579
ERAA 2024,2030,DE00,Others (non-RES),Other non-RES,NA,1852
ERAA 2024,2030,EE00,Others (non-RES),Other non-RES,Available on market,135
ERAA 2024,2030,EE00,Others (non-RES),Other non-RES,NA,8
ERAA 2024,2030,ES00,Others (non-RES),Other non-RES,Inelastic supply/fixed profile,4072
ERAA 2024,2030,FI00,Others (non-RES),Other non-RES,NA,153
ERAA 2024,2030,FR00,Others (non-RES),Other non-RES,Available on market,6554
ERAA 2024,2030,FR00,Others (non-RES),Other non-RES,NA,950
ERAA 2024,2030,HR00,Others (non-RES),Other non-RES,Available on market,200
ERAA 2024,2030,HU00,Others (non-RES),Other non-RES,Available on market,1140
ERAA 2024,2030,HU00,Others (non-RES),Other non-RES,NA,95
ERAA 2024,2030,IE00,Others (non-RES),Other non-RES,Available on market,138
ERAA 2024,2030,ITCA,Others (non-RES),Other non-RES,Available on market,26
ERAA 2024,2030,ITCA,Others (non-RES),Other non-RES,NA,21
ERAA 2024,2030,ITCN,Others (non-RES),Other non-RES,Available on market,396
ERAA 2024,2030,ITCN,Others (non-RES),Other non-RES,NA,32
ERAA 2024,2030,ITCS,Others (non-RES),Other non-RES,Available on market,411
ERAA 2024,2030,ITCS,Others (non-RES),Other non-RES,NA,180
ERAA 2024,2030,ITN1,Others (non-RES),Other non-RES,Available on market,2687
ERAA 2024,2030,ITN1,Others (non-RES),Other non-RES,NA,512
ERAA 2024,2030,ITS1,Others (non-RES),Other non-RES,Available on market,686
ERAA 2024,2030,ITS1,Others (non-RES),Other non-RES,NA,50
ERAA 2024,2030,ITSA,Others (non-RES),Other non-RES,Available on market,73
ERAA 2024,2030,ITSA,Others (non-RES),Other non-RES,NA,24
ERAA 2024,2030,ITSI,Others (non-RES),Other non-RES,Available on market,225
ERAA 2024,2030,ITSI,Others (non-RES),Other non-RES,NA,8
ERAA 2024,2030,LT00,Others (non-RES),Other non-RES,Available on market,24
ERAA 2024,2030,LT00,Others (non-RES),Other non-RES,NA,58
ERAA 2024,2030,LUG1,Others (non-RES),Other non-RES,Available on market,29
ERAA 2024,2030,LUG1,Others (non-RES),Other non-RES,NA,21
ERAA 2024,2030,NL00,Others (non-RES),Other non-RES,Available on market,3893
ERAA 2024,2030,NOM1,Others (non-RES),Other non-RES,Available on market,20
ERAA 2024,2030,NON1,Others (non-RES),Other non-RES,Available on market,195
ERAA 2024,2030,NOS1,Others (non-RES),Other non-RES,Available on market,5
ERAA 2024,2030,NOS2,Others (non-RES),Other non-RES,Available on market,29
ERAA 2024,2030,NOS3,Others (non-RES),Other non-RES,Available on market,16
ERAA 2024,2030,PL00,Others (non-RES),Other non-RES,Available on market,3913
ERAA 2024,2030,PL00,Others (non-RES),Other non-RES,NA,128
ERAA 2024,2030,PT00,Others (non-RES),Other non-RES,Inelastic supply/fixed profile,777
ERAA 2024,2030,PT00,Others (non-RES),Other non-RES,NA,109
ERAA 2024,2030,RS00,Others (non-RES),Other non-RES,NA,30
ERAA 2024,2030,SE01,Others (non-RES),Other non-RES,NA,15
ERAA 2024,2030,SE02,Others (non-RES),Other non-RES,NA,19
ERAA 2024,2030,SE03,Others (non-RES),Other non-RES,NA,343
ERAA 2024,2030,SE04,Others (non-RES),Other non-RES,NA,73
ERAA 2024,2030,SI00,Others (non-RES),Other non-RES,Available on market,217
ERAA 2024,2030,SK00,Others (non-RES),Other non-RES,Inelastic supply/fixed profile,125
ERAA 2024,2030,SK00,Others (non-RES),Other non-RES,NA,173
ERAA 2024,2030,UK00,Others (non-RES),Other non-RES,Available on market,5810
ERAA 2024,2030,UKNI,Others (non-RES),Other non-RES,Available on market,9
ERAA 2024,2030,AT00,Small biomass,Others RES,NA,640
ERAA 2024,2030,BE00,Small biomass,Others RES,NA,567
ERAA 2024,2030,BG00,Small biomass,Others RES,NA,302
ERAA 2024,2030,CH00,Not defined or splitting not known RES,Others RES,NA,426
ERAA 2024,2030,CZ00,Small biomass,Others RES,NA,416
ERAA 2024,2030,DE00,Small biomass,Others RES,NA,10000
ERAA 2024,2030,EE00,Not defined or splitting not known RES,Others RES,NA,8
ERAA 2024,2030,EE00,Small biomass,Others RES,NA,152
ERAA 2024,2030,ES00,Not defined or splitting not known RES,Others RES,NA,1964
ERAA 2024,2030,FI00,Small biomass,Others RES,NA,1729
ERAA 2024,2030,FR00,Not defined or splitting not known RES,Others RES,NA,765
ERAA 2024,2030,FR00,Small biomass,Others RES,NA,675
ERAA 2024,2030,GR00,Not defined or splitting not known RES,Others RES,NA,150
ERAA 2024,2030,GR00,Small biomass,Others RES,NA,150
ERAA 2024,2030,HR00,Geothermal,Others RES,NA,20
ERAA 2024,2030,HR00,Not defined or splitting not known RES,Others RES,NA,495
ERAA 2024,2030,HR00,Small biomass,Others RES,NA,99
ERAA 2024,2030,HU00,Geothermal,Others RES,NA,53
ERAA 2024,2030,HU00,Small biomass,Others RES,NA,116
ERAA 2024,2030,IE00,Small biomass,Others RES,NA,31
ERAA 2024,2030,ITCA,Small biomass,Others RES,NA,172
ERAA 2024,2030,ITCN,Geothermal,Others RES,NA,881
ERAA 2024,2030,ITCN,Small biomass,Others RES,NA,135
ERAA 2024,2030,ITCS,Small biomass,Others RES,NA,278
ERAA 2024,2030,ITN1,Small biomass,Others RES,NA,1219
ERAA 2024,2030,ITS1,Small biomass,Others RES,NA,377
ERAA 2024,2030,ITSA,Small biomass,Others RES,NA,94
ERAA 2024,2030,ITSI,Small biomass,Others RES,NA,94
ERAA 2024,2030,LT00,Not defined or splitting not known RES,Others RES,NA,36
ERAA 2024,2030,LT00,Small biomass,Others RES,NA,116
ERAA 2024,2030,LUG1,Small biomass,Others RES,NA,100
ERAA 2024,2030,LV00,Small biomass,Others RES,NA,138
ERAA 2024,2030,MK00,Small biomass,Others RES,NA,31
ERAA 2024,2030,NL00,Small biomass,Others RES,NA,415
ERAA 2024,2030,PL00,Not defined or splitting not known RES,Others RES,NA,367
ERAA 2024,2030,PL00,Small biomass,Others RES,NA,944
ERAA 2024,2030,PT00,Geothermal,Others RES,NA,49
ERAA 2024,2030,PT00,Not defined or splitting not known RES,Others RES,NA,757
ERAA 2024,2030,PT00,Small biomass,Others RES,NA,462
ERAA 2024,2030,RO00,Small biomass,Others RES,NA,137
ERAA 2024,2030,RS00,Not defined or splitting not known RES,Others RES,NA,103
ERAA 2024,2030,RS00,Small biomass,Others RES,NA,30
ERAA 2024,2030,SE01,Small biomass,Others RES,NA,179
ERAA 2024,2030,SE02,Small biomass,Others RES,NA,746
ERAA 2024,2030,SE03,Not defined or splitting not known RES,Others RES,NA,200
ERAA 2024,2030,SE03,Small biomass,Others RES,NA,1902
ERAA 2024,2030,SE04,Small biomass,Others RES,NA,661
ERAA 2024,2030,SI00,Small biomass,Others RES,NA,61
ERAA 2024,2030,SK00,Geothermal,Others RES,NA,4
ERAA 2024,2030,SK00,Not defined or splitting not known RES,Others RES,NA,37
ERAA 2024,2030,SK00,Small biomass,Others RES,NA,187
ERAA 2024,2030,UK00,Not defined or splitting not known RES,Others RES,NA,1414
ERAA 2024,2030,AL00,Solar roof-top PV,Solar,Market,0
ERAA 2024,2030,AL00,Solar (PV),Solar,NA,700
ERAA 2024,2030,AT00,Solar roof-top PV,Solar,Market,0
ERAA 2024,2030,AT00,Solar (PV),Solar,NA,13000
ERAA 2024,2030,BA00,Solar roof-top PV,Solar,Market,0
ERAA 2024,2030,BA00,Solar (PV),Solar,NA,1204
ERAA 2024,2030,BE00,Solar roof-top PV,Solar,Market,0
ERAA 2024,2030,BE00,Solar (PV),Solar,NA,13610
ERAA 2024,2030,BG00,Solar roof-top PV,Solar,Market,0
ERAA 2024,2030,BG00,Solar (PV),Solar,NA,5501
ERAA 2024,2030,CH00,Solar roof-top PV,Solar,Market,0
ERAA 2024,2030,CH00,Solar (PV),Solar,NA,9770
ERAA 2024,2030,CZ00,Solar roof-top PV,Solar,Market,0
ERAA 2024,2030,CZ00,Solar (PV),Solar,NA,12516
ERAA 2024,2030,DE00,Solar roof-top PV,Solar,Market,118000
ERAA 2024,2030,DE00,Solar (PV),Solar,NA,97002
ERAA 2024,2030,DKE1,Solar roof-top PV,Solar,Market,0
ERAA 2024,2030,DKE1,Solar (PV),Solar,NA,5640
ERAA 2024,2030,DKW1,Solar roof-top PV,Solar,Market,0
ERAA 2024,2030,DKW1,Solar (PV),Solar,NA,14979
ERAA 2024,2030,EE00,Solar roof-top PV,Solar,Market,0
ERAA 2024,2030,EE00,Solar (PV),Solar,NA,1570
ERAA 2024,2030,ES00,Solar roof-top PV,Solar,Market,0
ERAA 2024,2030,ES00,Solar (PV),Solar,NA,64051
ERAA 2024,2030,ES00,Solar (thermal),Solar,NA,4804
ERAA 2024,2030,FI00,Solar roof-top PV,Solar,Market,0
ERAA 2024,2030,FI00,Solar (PV),Solar,NA,7598
ERAA 2024,2030,FR00,Solar roof-top PV,Solar,Market,0
ERAA 2024,2030,FR00,Solar (PV),Solar,NA,40316
ERAA 2024,2030,GR00,Solar roof-top PV,Solar,Market,0
ERAA 2024,2030,GR00,Solar (PV),Solar,NA,12900
ERAA 2024,2030,GR03,Solar roof-top PV,Solar,Market,0
ERAA 2024,2030,GR03,Solar (PV),Solar,NA,500
ERAA 2024,2030,GR03,Solar (thermal),Solar,NA,137
ERAA 2024,2030,HR00,Solar roof-top PV,Solar,Market,0
ERAA 2024,2030,HR00,Solar (PV),Solar,NA,1533
ERAA 2024,2030,HR00,Solar (thermal),Solar,NA,400
ERAA 2024,2030,HU00,Solar roof-top PV,Solar,Market,0
ERAA 2024,2030,HU00,Solar (PV),Solar,NA,13090
ERAA 2024,2030,IE00,Solar roof-top PV,Solar,Market,1364
ERAA 2024,2030,IE00,Solar (PV),Solar,NA,4136
ERAA 2024,2030,ITCA,Solar roof-top PV,Solar,Market,561
ERAA 2024,2030,ITCA,Solar (PV),Solar,NA,1840
ERAA 2024,2030,ITCN,Solar roof-top PV,Solar,Market,2114
ERAA 2024,2030,ITCN,Solar (PV),Solar,NA,7048
ERAA 2024,2030,ITCS,Solar roof-top PV,Solar,Market,4041
ERAA 2024,2030,ITCS,Solar (PV),Solar,NA,13471
ERAA 2024,2030,ITN1,Solar roof-top PV,Solar,Market,20294
ERAA 2024,2030,ITN1,Solar (PV),Solar,NA,36601
ERAA 2024,2030,ITS1,Solar roof-top PV,Solar,Market,1410
ERAA 2024,2030,ITS1,Solar (PV),Solar,NA,7050
ERAA 2024,2030,ITS1,Solar (thermal),Solar,NA,440
ERAA 2024,2030,ITSA,Solar roof-top PV,Solar,Market,1228
ERAA 2024,2030,ITSA,Solar (PV),Solar,NA,4913
ERAA 2024,2030,ITSI,Solar roof-top PV,Solar,Market,2414
ERAA 2024,2030,ITSI,Solar (PV),Solar,NA,8046
ERAA 2024,2030,ITSI,Solar (thermal),Solar,NA,440
ERAA 2024,2030,LT00,Solar roof-top PV,Solar,Market,1550
ERAA 2024,2030,LT00,Solar (PV),Solar,NA,5150
ERAA 2024,2030,LUG1,Solar roof-top PV,Solar,Market,900
ERAA 2024,2030,LUG1,Solar (PV),Solar,NA,1236
ERAA 2024,2030,LV00,Solar roof-top PV,Solar,Market,100
ERAA 2024,2030,LV00,Solar (PV),Solar,NA,1350
ERAA 2024,2030,LV00,Solar (thermal),Solar,NA,70
ERAA 2024,2030,ME00,Solar roof-top PV,Solar,Market,0
ERAA 2024,2030,ME00,Solar (PV),Solar,NA,2039
ERAA 2024,2030,MK00,Solar roof-top PV,Solar,Market,0
ERAA 2024,2030,MK00,Solar (PV),Solar,NA,630
ERAA 2024,2030,MT00,Solar roof-top PV,Solar,Market,0
ERAA 2024,2030,MT00,Solar (PV),Solar,NA,266
ERAA 2024,2030,NL00,Solar roof-top PV,Solar,Market,0
ERAA 2024,2030,NL00,Solar (PV),Solar,NA,59317
ERAA 2024,2030,NOM1,Solar roof-top PV,Solar,Market,0
ERAA 2024,2030,NOM1,Solar (PV),Solar,NA,1000
ERAA 2024,2030,NON1,Solar roof-top PV,Solar,Market,0
ERAA 2024,2030,NOS0,Solar roof-top PV,Solar,Market,0
ERAA 2024,2030,NOS1,Solar (PV),Solar,NA,1000
ERAA 2024,2030,NOS2,Solar (PV),Solar,NA,1000
ERAA 2024,2030,NOS3,Solar (PV),Solar,NA,1000
ERAA 2024,2030,PL00,Solar roof-top PV,Solar,Market,0
ERAA 2024,2030,PL00,Solar (PV),Solar,NA,27000
ERAA 2024,2030,PT00,Solar roof-top PV,Solar,Market,0
ERAA 2024,2030,PT00,Solar (PV),Solar,NA,14796
ERAA 2024,2030,PT00,Solar (thermal),Solar,NA,540
ERAA 2024,2030,RO00,Solar roof-top PV,Solar,Market,0
ERAA 2024,2030,RO00,Solar (PV),Solar,NA,8300
ERAA 2024,2030,RS00,Solar roof-top PV,Solar,Market,0
ERAA 2024,2030,RS00,Solar (PV),Solar,NA,1046
ERAA 2024,2030,SE01,Solar roof-top PV,Solar,Market,45
ERAA 2024,2030,SE01,Solar (PV),Solar,NA,366
ERAA 2024,2030,SE02,Solar roof-top PV,Solar,Market,245
ERAA 2024,2030,SE02,Solar (PV),Solar,NA,466
ERAA 2024,2030,SE03,Solar roof-top PV,Solar,Market,3566
ERAA 2024,2030,SE03,Solar (PV),Solar,NA,1722
ERAA 2024,2030,SE04,Solar roof-top PV,Solar,Market,1555
ERAA 2024,2030,SE04,Solar (PV),Solar,NA,672
ERAA 2024,2030,SI00,Solar roof-top PV,Solar,Market,2023
ERAA 2024,2030,SI00,Solar (PV),Solar,NA,2750
ERAA 2024,2030,SK00,Solar roof-top PV,Solar,Market,225
ERAA 2024,2030,SK00,Solar (PV),Solar,NA,1500
ERAA 2024,2030,UK00,Solar roof-top PV,Solar,Market,0
ERAA 2024,2030,UK00,Solar (PV),Solar,NA,16548
ERAA 2024,2030,UKNI,Solar roof-top PV,Solar,Market,200
ERAA 2024,2030,UKNI,Solar (PV),Solar,NA,602
ERAA 2024,2030,AL00,Non-market batteries,Storage,Non-market,0
ERAA 2024,2030,AT00,Battery,Storage,NA,1284
ERAA 2024,2030,AT00,Non-market batteries,Storage,Non-market,1825
ERAA 2024,2030,BA00,Battery,Storage,NA,50
ERAA 2024,2030,BA00,Non-market batteries,Storage,Non-market,0
ERAA 2024,2030,BE00,Battery,Storage,NA,1476
ERAA 2024,2030,BE00,Non-market batteries,Storage,Non-market,48
ERAA 2024,2030,BG00,Battery,Storage,NA,1600
ERAA 2024,2030,BG00,Non-market batteries,Storage,Non-market,0
ERAA 2024,2030,CH00,Battery,Storage,NA,1221
ERAA 2024,2030,CH00,Non-market batteries,Storage,Non-market,0
ERAA 2024,2030,CZ00,Battery,Storage,NA,2871
ERAA 2024,2030,CZ00,FuelCell,Storage,NA,5
ERAA 2024,2030,CZ00,Non-market batteries,Storage,Non-market,0
ERAA 2024,2030,DE00,Battery,Storage,NA,9080
ERAA 2024,2030,DE00,Non-market batteries,Storage,Non-market,38875
ERAA 2024,2030,DKE1,Battery,Storage,NA,56
ERAA 2024,2030,DKE1,Non-market batteries,Storage,Non-market,0
ERAA 2024,2030,DKW1,Battery,Storage,NA,234
ERAA 2024,2030,DKW1,Non-market batteries,Storage,Non-market,0
ERAA 2024,2030,EE00,Battery,Storage,NA,227
ERAA 2024,2030,EE00,Non-market batteries,Storage,Non-market,0
ERAA 2024,2030,ES00,Battery,Storage,NA,7000
ERAA 2024,2030,ES00,Non-market batteries,Storage,Non-market,700
ERAA 2024,2030,FI00,Battery,Storage,NA,1739
ERAA 2024,2030,FI00,Non-market batteries,Storage,Non-market,0
ERAA 2024,2030,FR00,Battery,Storage,NA,470
ERAA 2024,2030,FR00,Non-market batteries,Storage,Non-market,0
ERAA 2024,2030,GR00,Battery,Storage,NA,3100
ERAA 2024,2030,GR00,Non-market batteries,Storage,Non-market,0
ERAA 2024,2030,GR03,Battery,Storage,NA,300
ERAA 2024,2030,GR03,Non-market batteries,Storage,Non-market,0
ERAA 2024,2030,HR00,Battery,Storage,NA,66
ERAA 2024,2030,HR00,Non-market batteries,Storage,Non-market,0
ERAA 2024,2030,HU00,Battery,Storage,NA,582
ERAA 2024,2030,HU00,Non-market batteries,Storage,Non-market,0
ERAA 2024,2030,IE00,Battery,Storage,NA,550
ERAA 2024,2030,IE00,Non-market batteries,Storage,Non-market,0
ERAA 2024,2030,ITCA,Battery,Storage,NA,415
ERAA 2024,2030,ITCA,Non-market batteries,Storage,Non-market,0
ERAA 2024,2030,ITCN,Battery,Storage,NA,370
ERAA 2024,2030,ITCN,Non-market batteries,Storage,Non-market,0
ERAA 2024,2030,ITCS,Battery,Storage,NA,1701
ERAA 2024,2030,ITCS,Non-market batteries,Storage,Non-market,0
ERAA 2024,2030,ITN1,Battery,Storage,NA,2966
ERAA 2024,2030,ITN1,Non-market batteries,Storage,Non-market,0
ERAA 2024,2030,ITS1,Battery,Storage,NA,1925
ERAA 2024,2030,ITS1,Non-market batteries,Storage,Non-market,0
ERAA 2024,2030,ITSA,Battery,Storage,NA,1947
ERAA 2024,2030,ITSA,Non-market batteries,Storage,Non-market,0
ERAA 2024,2030,ITSI,Battery,Storage,NA,1540
ERAA 2024,2030,ITSI,Non-market batteries,Storage,Non-market,0
ERAA 2024,2030,LT00,Battery,Storage,NA,1500
ERAA 2024,2030,LT00,Non-market batteries,Storage,Non-market,0
ERAA 2024,2030,LUG1,Battery,Storage,NA,25
ERAA 2024,2030,LUG1,Non-market batteries,Storage,Non-market,20
ERAA 2024,2030,LV00,Non-market batteries,Storage,Non-market,80
ERAA 2024,2030,ME00,Non-market batteries,Storage,Non-market,0
ERAA 2024,2030,MK00,Non-market batteries,Storage,Non-market,0
ERAA 2024,2030,MT00,Non-market batteries,Storage,Non-market,0
ERAA 2024,2030,NL00,Battery,Storage,NA,4900
ERAA 2024,2030,NL00,Non-market batteries,Storage,Non-market,2171
ERAA 2024,2030,NOM1,Non-market batteries,Storage,Non-market,0
ERAA 2024,2030,NON1,Non-market batteries,Storage,Non-market,0
ERAA 2024,2030,NOS0,Non-market batteries,Storage,Non-market,0
ERAA 2024,2030,PL00,Battery,Storage,NA,2113
ERAA 2024,2030,PL00,Non-market batteries,Storage,Non-market,0
ERAA 2024,2030,PT00,Battery,Storage,NA,990
ERAA 2024,2030,PT00,Non-market batteries,Storage,Non-market,0
ERAA 2024,2030,RO00,Battery,Storage,NA,400
ERAA 2024,2030,RO00,Non-market batteries,Storage,Non-market,0
ERAA 2024,2030,RS00,Non-market batteries,Storage,Non-market,0
ERAA 2024,2030,SE01,Non-market batteries,Storage,Non-market,0
ERAA 2024,2030,SE02,Non-market batteries,Storage,Non-market,0
ERAA 2024,2030,SE03,Non-market batteries,Storage,Non-market,0
ERAA 2024,2030,SE04,Non-market batteries,Storage,Non-market,0
ERAA 2024,2030,SI00,Battery,Storage,NA,607
ERAA 2024,2030,SI00,Non-market batteries,Storage,Non-market,0
ERAA 2024,2030,SK00,Battery,Storage,NA,266
ERAA 2024,2030,SK00,Non-market batteries,Storage,Non-market,41
ERAA 2024,2030,UK00,Battery,Storage,NA,18881
ERAA 2024,2030,UK00,Non-market batteries,Storage,Non-market,0
ERAA 2024,2030,UKNI,Non-market batteries,Storage,Non-market,0
ERAA 2024,2030,AL00,Gas,Thermal,Available on market,300
ERAA 2024,2030,AT00,Gas,Thermal,Available on market,3280
ERAA 2024,2030,AT00,Oil,Thermal,Available on market,122
ERAA 2024,2030,BA00,Lignite,Thermal,Available on market,1748
ERAA 2024,2030,BE00,Biofuel,Thermal,Available on market,354
ERAA 2024,2030,BE00,Gas,Thermal,Available on market,4779
ERAA 2024,2030,BE00,Hard coal,Thermal,Available on market,0
ERAA 2024,2030,BE00,Nuclear,Thermal,Available on market,2056
ERAA 2024,2030,BE00,Oil,Thermal,Available on market,140
ERAA 2024,2030,BG00,Gas,Thermal,Available on market,1259
ERAA 2024,2030,BG00,Hard coal,Thermal,Available on market,90
ERAA 2024,2030,BG00,Lignite,Thermal,Available on market,1522
ERAA 2024,2030,BG00,Nuclear,Thermal,Available on market,2000
ERAA 2024,2030,BG00,Lignite,Thermal,Mothballed,508
ERAA 2024,2030,BG00,Lignite,Thermal,Out of market/cannot be used for adequacy,169
ERAA 2024,2030,CH00,Nuclear,Thermal,Available on market,1190
ERAA 2024,2030,CZ00,Gas,Thermal,Available on market,2542
ERAA 2024,2030,CZ00,Lignite,Thermal,Available on market,131
ERAA 2024,2030,CZ00,Nuclear,Thermal,Available on market,4100
ERAA 2024,2030,DE00,Gas,Thermal,Available on market,27199
ERAA 2024,2030,DE00,Hard coal,Thermal,Available on market,6919
ERAA 2024,2030,DE00,Lignite,Thermal,Available on market,5942
ERAA 2024,2030,DE00,Oil,Thermal,Available on market,768
ERAA 2024,2030,DE00,Gas,Thermal,Out of market/cannot be used for adequacy,900
ERAA 2024,2030,DE00,Hard coal,Thermal,Out of market/cannot be used for adequacy,2117
ERAA 2024,2030,DE00,Lignite,Thermal,Out of market/cannot be used for adequacy,648
ERAA 2024,2030,DE00,Oil,Thermal,Out of market/cannot be used for adequacy,300
ERAA 2024,2030,DKE1,Biofuel,Thermal,Available on market,977
ERAA 2024,2030,DKE1,Gas,Thermal,Available on market,255
ERAA 2024,2030,DKE1,Hard coal,Thermal,Available on market,0
ERAA 2024,2030,DKE1,Oil,Thermal,Available on market,834
ERAA 2024,2030,DKW1,Biofuel,Thermal,Available on market,998
ERAA 2024,2030,DKW1,Gas,Thermal,Available on market,1278
ERAA 2024,2030,DKW1,Hard coal,Thermal,Available on market,0
ERAA 2024,2030,DKW1,Oil,Thermal,Available on market,140
ERAA 2024,2030,EE00,Biofuel,Thermal,Available on market,136
ERAA 2024,2030,EE00,Oil,Thermal,Available on market,216
ERAA 2024,2030,EE00,Gas,Thermal,Out of market/cannot be used for adequacy,250
ERAA 2024,2030,ES00,Gas,Thermal,Available on market,25060
ERAA 2024,2030,ES00,Nuclear,Thermal,Available on market,5100
ERAA 2024,2030,FI00,Biofuel,Thermal,Available on market,1282
ERAA 2024,2030,FI00,Gas,Thermal,Available on market,1231
ERAA 2024,2030,FI00,Hard coal,Thermal,Available on market,44
ERAA 2024,2030,FI00,Nuclear,Thermal,Available on market,4394
ERAA 2024,2030,FR00,Gas,Thermal,Available on market,7189
ERAA 2024,2030,FR00,Nuclear,Thermal,Available on market,63020
ERAA 2024,2030,FR00,Oil,Thermal,Available on market,971
ERAA 2024,2030,GR00,Gas,Thermal,Available on market,7687
ERAA 2024,2030,GR03,Oil,Thermal,Available on market,408
ERAA 2024,2030,HR00,Gas,Thermal,Available on market,1474
ERAA 2024,2030,HR00,Hard coal,Thermal,Available on market,290
ERAA 2024,2030,HR00,Oil,Thermal,Available on market,303
ERAA 2024,2030,HU00,Biofuel,Thermal,Available on market,202
ERAA 2024,2030,HU00,Gas,Thermal,Available on market,3697
ERAA 2024,2030,HU00,Hard coal,Thermal,Available on market,0
ERAA 2024,2030,HU00,Nuclear,Thermal,Available on market,3097
ERAA 2024,2030,HU00,Oil,Thermal,Available on market,495
ERAA 2024,2030,IE00,Biofuel,Thermal,Available on market,157
ERAA 2024,2030,IE00,Gas,Thermal,Available on market,5033
ERAA 2024,2030,IE00,Lignite,Thermal,Available on market,39
ERAA 2024,2030,IE00,Oil,Thermal,Available on market,188
ERAA 2024,2030,IE00,Gas,Thermal,Out of market/can be used for adequacy,741
ERAA 2024,2030,IE00,Hard coal,Thermal,Out of market/can be used for adequacy,500
ERAA 2024,2030,IE00,Oil,Thermal,Out of market/can be used for adequacy,250
ERAA 2024,2030,ITCA,Gas,Thermal,Available on market,3498
ERAA 2024,2030,ITCN,Gas,Thermal,Available on market,1649
ERAA 2024,2030,ITCS,Gas,Thermal,Available on market,7470
ERAA 2024,2030,ITCS,Oil,Thermal,Available on market,80
ERAA 2024,2030,ITN1,Gas,Thermal,Available on market,25116
ERAA 2024,2030,ITS1,Gas,Thermal,Available on market,4462
ERAA 2024,2030,ITSA,Gas,Thermal,Available on market,43
ERAA 2024,2030,ITSI,Gas,Thermal,Available on market,3428
ERAA 2024,2030,LT00,Gas,Thermal,Available on market,503
ERAA 2024,2030,LV00,Gas,Thermal,Available on market,1073
ERAA 2024,2030,ME00,Lignite,Thermal,Available on market,225
ERAA 2024,2030,MK00,Gas,Thermal,Available on market,760
ERAA 2024,2030,MT00,Gas,Thermal,Available on market,486
ERAA 2024,2030,MT00,Oil,Thermal,Out of market/can be used for adequacy,175
ERAA 2024,2030,NL00,Biofuel,Thermal,Available on market,0
ERAA 2024,2030,NL00,Gas,Thermal,Available on market,10927
ERAA 2024,2030,NL00,Nuclear,Thermal,Available on market,486
ERAA 2024,2030,PL00,Biofuel,Thermal,Available on market,629
ERAA 2024,2030,PL00,Gas,Thermal,Available on market,8279
ERAA 2024,2030,PL00,Hard coal,Thermal,Available on market,12443
ERAA 2024,2030,PL00,Lignite,Thermal,Available on market,6520
ERAA 2024,2030,PT00,Gas,Thermal,Available on market,2839
ERAA 2024,2030,RO00,Gas,Thermal,Available on market,6028
ERAA 2024,2030,RO00,Hard coal,Thermal,Available on market,130
ERAA 2024,2030,RO00,Nuclear,Thermal,Available on market,1739
ERAA 2024,2030,RS00,Gas,Thermal,Available on market,401
ERAA 2024,2030,RS00,Lignite,Thermal,Available on market,5050
ERAA 2024,2030,SE03,Gas,Thermal,Available on market,270
ERAA 2024,2030,SE03,Nuclear,Thermal,Available on market,6961
ERAA 2024,2030,SE03,Oil,Thermal,Out of market/cannot be used for adequacy,826
ERAA 2024,2030,SE04,Oil,Thermal,Out of market/cannot be used for adequacy,569
ERAA 2024,2030,SI00,Gas,Thermal,Available on market,594
ERAA 2024,2030,SI00,Hard coal,Thermal,Available on market,81
ERAA 2024,2030,SI00,Lignite,Thermal,Available on market,539
ERAA 2024,2030,SI00,Nuclear,Thermal,Available on market,696
ERAA 2024,2030,SI00,Gas,Thermal,Out of market/cannot be used for adequacy,58
ERAA 2024,2030,SK00,Biofuel,Thermal,Available on market,150
ERAA 2024,2030,SK00,Gas,Thermal,Available on market,738
ERAA 2024,2030,SK00,Hard coal,Thermal,Available on market,269
ERAA 2024,2030,SK00,Lignite,Thermal,Available on market,56
ERAA 2024,2030,SK00,Nuclear,Thermal,Available on market,2815
ERAA 2024,2030,SK00,Oil,Thermal,Available on market,133
ERAA 2024,2030,SK00,Gas,Thermal,Out of market/cannot be used for adequacy,206
ERAA 2024,2030,SK00,Oil,Thermal,Out of market/cannot be used for adequacy,109
ERAA 2024,2030,UK00,Gas,Thermal,Available on market,32120
ERAA 2024,2030,UK00,Nuclear,Thermal,Available on market,4570
ERAA 2024,2030,UK00,Oil,Thermal,Available on market,6561
ERAA 2024,2030,UKNI,Biofuel,Thermal,Available on market,18
ERAA 2024,2030,UKNI,Gas,Thermal,Available on market,1683
ERAA 2024,2030,UKNI,Lignite,Thermal,Available on market,0
ERAA 2024,2030,UKNI,Oil,Thermal,Available on market,389
ERAA 2024,2030,AL00,Wind onshore,Wind,NA,300
ERAA 2024,2030,AT00,Wind onshore,Wind,NA,9000
ERAA 2024,2030,BA00,Wind onshore,Wind,NA,1028
ERAA 2024,2030,BE00,Wind offshore,Wind,NA,4360
ERAA 2024,2030,BE00,Wind onshore,Wind,NA,5248
ERAA 2024,2030,BEOF,Wind offshore,Wind,NA,1400
ERAA 2024,2030,BG00,Wind offshore,Wind,NA,500
ERAA 2024,2030,BG00,Wind onshore,Wind,NA,1501
ERAA 2024,2030,CH00,Wind onshore,Wind,NA,310
ERAA 2024,2030,CZ00,Wind onshore,Wind,NA,1274
ERAA 2024,2030,DE00,Wind offshore,Wind,NA,28097
ERAA 2024,2030,DE00,Wind onshore,Wind,NA,115001
ERAA 2024,2030,DEKF,Wind offshore,Wind,NA,336
ERAA 2024,2030,DKE1,Wind offshore,Wind,NA,873
ERAA 2024,2030,DKE1,Wind onshore,Wind,NA,1057
ERAA 2024,2030,DKHE,Wind offshore,Wind,NA,1100
ERAA 2024,2030,DKKF,Wind offshore,Wind,NA,605
ERAA 2024,2030,DKW1,Wind offshore,Wind,NA,2772
ERAA 2024,2030,DKW1,Wind onshore,Wind,NA,6256
ERAA 2024,2030,EE00,Wind onshore,Wind,NA,1716
ERAA 2024,2030,ES00,Wind offshore,Wind,NA,2800
ERAA 2024,2030,ES00,Wind onshore,Wind,NA,50222
ERAA 2024,2030,FI00,Wind offshore,Wind,NA,1000
ERAA 2024,2030,FI00,Wind onshore,Wind,NA,23312
ERAA 2024,2030,FR00,Wind offshore,Wind,NA,3615
ERAA 2024,2030,FR00,Wind onshore,Wind,NA,30480
ERAA 2024,2030,GR00,Wind offshore,Wind,NA,1900
ERAA 2024,2030,GR00,Wind onshore,Wind,NA,6800
ERAA 2024,2030,GR03,Wind onshore,Wind,NA,800
ERAA 2024,2030,HR00,Wind offshore,Wind,NA,510
ERAA 2024,2030,HR00,Wind onshore,Wind,NA,2824
ERAA 2024,2030,HU00,Wind onshore,Wind,NA,1080
ERAA 2024,2030,IE00,Wind offshore,Wind,NA,5000
ERAA 2024,2030,IE00,Wind onshore,Wind,NA,7000
ERAA 2024,2030,ITCA,Wind onshore,Wind,NA,2465
ERAA 2024,2030,ITCN,Wind offshore,Wind,NA,100
ERAA 2024,2030,ITCN,Wind onshore,Wind,NA,288
ERAA 2024,2030,ITCS,Wind onshore,Wind,NA,5293
ERAA 2024,2030,ITN1,Wind offshore,Wind,NA,200
ERAA 2024,2030,ITN1,Wind onshore,Wind,NA,445
ERAA 2024,2030,ITS1,Wind offshore,Wind,NA,630
ERAA 2024,2030,ITS1,Wind onshore,Wind,NA,10317
ERAA 2024,2030,ITSA,Wind offshore,Wind,NA,600
ERAA 2024,2030,ITSA,Wind onshore,Wind,NA,2505
ERAA 2024,2030,ITSI,Wind offshore,Wind,NA,600
ERAA 2024,2030,ITSI,Wind onshore,Wind,NA,4686
ERAA 2024,2030,LT00,Wind offshore,Wind,NA,1422
ERAA 2024,2030,LT00,Wind onshore,Wind,NA,4827
ERAA 2024,2030,LUG1,Wind onshore,Wind,NA,462
ERAA 2024,2030,LV00,Wind offshore,Wind,NA,1000
ERAA 2024,2030,LV00,Wind onshore,Wind,NA,448
ERAA 2024,2030,ME00,Wind onshore,Wind,NA,275
ERAA 2024,2030,MK00,Wind onshore,Wind,NA,410
ERAA 2024,2030,NL00,Wind offshore,Wind,NA,14651
ERAA 2024,2030,NL00,Wind onshore,Wind,NA,9100
ERAA 2024,2030,NLLL,Wind offshore,Wind,NA,2000
ERAA 2024,2030,NOM1,Wind onshore,Wind,NA,2425
ERAA 2024,2030,NON1,Wind onshore,Wind,NA,1108
ERAA 2024,2030,NOS1,Wind onshore,Wind,NA,386
ERAA 2024,2030,NOS2,Wind offshore,Wind,NA,3004
ERAA 2024,2030,NOS2,Wind onshore,Wind,NA,1855
ERAA 2024,2030,PL00,Wind offshore,Wind,NA,7593
ERAA 2024,2030,PL00,Wind onshore,Wind,NA,13940
ERAA 2024,2030,PT00,Wind offshore,Wind,NA,1803
ERAA 2024,2030,PT00,Wind onshore,Wind,NA,9994
ERAA 2024,2030,RO00,Wind offshore,Wind,NA,1000
ERAA 2024,2030,RO00,Wind onshore,Wind,NA,6000
ERAA 2024,2030,RS00,Wind onshore,Wind,NA,4701
ERAA 2024,2030,SE01,Wind onshore,Wind,NA,5406
ERAA 2024,2030,SE02,Wind onshore,Wind,NA,9500
ERAA 2024,2030,SE03,Wind offshore,Wind,NA,430
ERAA 2024,2030,SE03,Wind onshore,Wind,NA,5384
ERAA 2024,2030,SE04,Wind offshore,Wind,NA,434
ERAA 2024,2030,SE04,Wind onshore,Wind,NA,2663
ERAA 2024,2030,SI00,Wind onshore,Wind,NA,122
ERAA 2024,2030,SK00,Wind onshore,Wind,NA,712
ERAA 2024,2030,UK00,Wind offshore,Wind,NA,39864
ERAA 2024,2030,UK00,Wind onshore,Wind,NA,22945
ERAA 2024,2030,UKNI,Wind offshore,Wind,NA,500
ERAA 2024,2030,UKNI,Wind onshore,Wind,NA,2460
ERAA 2024,2035,AT00,DSR,DSR,NA,1000
ERAA 2024,2035,BE00,DSR,DSR,NA,3753
ERAA 2024,2035,CZ00,DSR,DSR,NA,190
ERAA 2024,2035,DE00,DSR,DSR,NA,6571
ERAA 2024,2035,EE00,DSR,DSR,NA,260
ERAA 2024,2035,ES00,DSR,DSR,NA,2600
ERAA 2024,2035,FI00,DSR,DSR,NA,2083
ERAA 2024,2035,FR00,DSR,DSR,NA,6600
ERAA 2024,2035,GR00,DSR,DSR,NA,535
ERAA 2024,2035,HR00,DSR,DSR,NA,87
ERAA 2024,2035,IE00,DSR,DSR,NA,142
ERAA 2024,2035,LT00,DSR,DSR,NA,40
ERAA 2024,2035,LUG1,DSR,DSR,NA,75
ERAA 2024,2035,LV00,DSR,DSR,NA,150
ERAA 2024,2035,NL00,DSR,DSR,NA,2017
ERAA 2024,2035,NOM1,DSR,DSR,NA,2264
ERAA 2024,2035,NON1,DSR,DSR,NA,1643
ERAA 2024,2035,NOS1,DSR,DSR,NA,747
ERAA 2024,2035,NOS2,DSR,DSR,NA,4599
ERAA 2024,2035,NOS3,DSR,DSR,NA,1381
ERAA 2024,2035,SE01,DSR,DSR,NA,214
ERAA 2024,2035,SE02,DSR,DSR,NA,323
ERAA 2024,2035,SE03,DSR,DSR,NA,937
ERAA 2024,2035,SE04,DSR,DSR,NA,265
ERAA 2024,2035,SI00,DSR,DSR,NA,60
ERAA 2024,2035,UKNI,DSR,DSR,NA,60
ERAA 2024,2035,AL00,Reservoir,Hydro,NA,2032
ERAA 2024,2035,AL00,Run of river,Hydro,NA,491
ERAA 2024,2035,AT00,Closed loop pumping,Hydro,NA,300
ERAA 2024,2035,AT00,Open loop pumping,Hydro,NA,7015
ERAA 2024,2035,AT00,Pondage,Hydro,NA,1149
ERAA 2024,2035,AT00,Reservoir,Hydro,NA,2532
ERAA 2024,2035,AT00,Run of river,Hydro,NA,5413
ERAA 2024,2035,BA00,Open loop pumping,Hydro,NA,440
ERAA 2024,2035,BA00,Pondage,Hydro,NA,228
ERAA 2024,2035,BA00,Reservoir,Hydro,NA,1616
ERAA 2024,2035,BA00,Run of river,Hydro,NA,41
ERAA 2024,2035,BE00,Closed loop pumping,Hydro,NA,1305
ERAA 2024,2035,BE00,Run of river,Hydro,NA,162
ERAA 2024,2035,BG00,Closed loop pumping,Hydro,NA,1664
ERAA 2024,2035,BG00,Open loop pumping,Hydro,NA,535
ERAA 2024,2035,BG00,Reservoir,Hydro,NA,1281
ERAA 2024,2035,BG00,Run of river,Hydro,NA,536
ERAA 2024,2035,CH00,Closed loop pumping,Hydro,NA,1900
ERAA 2024,2035,CH00,Open loop pumping,Hydro,NA,3290
ERAA 2024,2035,CH00,Reservoir,Hydro,NA,8730
ERAA 2024,2035,CH00,Run of river,Hydro,NA,4263
ERAA 2024,2035,CZ00,Closed loop pumping,Hydro,NA,678
ERAA 2024,2035,CZ00,Open loop pumping,Hydro,NA,658
ERAA 2024,2035,CZ00,Reservoir,Hydro,NA,538
ERAA 2024,2035,CZ00,Run of river,Hydro,NA,432
ERAA 2024,2035,DE00,Closed loop pumping,Hydro,NA,6875
ERAA 2024,2035,DE00,Open loop pumping,Hydro,NA,2204
ERAA 2024,2035,DE00,Reservoir,Hydro,NA,1002
ERAA 2024,2035,DE00,Run of river,Hydro,NA,3934
ERAA 2024,2035,ES00,Closed loop pumping,Hydro,NA,8280
ERAA 2024,2035,ES00,Open loop pumping,Hydro,NA,3123
ERAA 2024,2035,ES00,Reservoir,Hydro,NA,11177
ERAA 2024,2035,ES00,Run of river,Hydro,NA,3667
ERAA 2024,2035,FI00,Reservoir,Hydro,NA,3237
ERAA 2024,2035,FR00,Closed loop pumping,Hydro,NA,2179
ERAA 2024,2035,FR00,Open loop pumping,Hydro,NA,2068
ERAA 2024,2035,FR00,Reservoir,Hydro,NA,9847
ERAA 2024,2035,FR00,Run of river,Hydro,NA,13600
ERAA 2024,2035,GR00,Closed loop pumping,Hydro,NA,1500
ERAA 2024,2035,GR00,Open loop pumping,Hydro,NA,699
ERAA 2024,2035,GR00,Pondage,Hydro,NA,22
ERAA 2024,2035,GR00,Reservoir,Hydro,NA,2744
ERAA 2024,2035,GR00,Run of river,Hydro,NA,508
ERAA 2024,2035,HR00,Open loop pumping,Hydro,NA,281
ERAA 2024,2035,HR00,Pondage,Hydro,NA,321
ERAA 2024,2035,HR00,Reservoir,Hydro,NA,1948
ERAA 2024,2035,HR00,Run of river,Hydro,NA,63
ERAA 2024,2035,HU00,Run of river,Hydro,NA,63
ERAA 2024,2035,IE00,Closed loop pumping,Hydro,NA,292
ERAA 2024,2035,IE00,Run of river,Hydro,NA,215
ERAA 2024,2035,ITCA,Reservoir,Hydro,NA,699
ERAA 2024,2035,ITCA,Run of river,Hydro,NA,118
ERAA 2024,2035,ITCN,Reservoir,Hydro,NA,374
ERAA 2024,2035,ITCN,Run of river,Hydro,NA,308
ERAA 2024,2035,ITCS,Closed loop pumping,Hydro,NA,985
ERAA 2024,2035,ITCS,Open loop pumping,Hydro,NA,742
ERAA 2024,2035,ITCS,Reservoir,Hydro,NA,961
ERAA 2024,2035,ITCS,Run of river,Hydro,NA,680
ERAA 2024,2035,ITN1,Closed loop pumping,Hydro,NA,2380
ERAA 2024,2035,ITN1,Open loop pumping,Hydro,NA,2755
ERAA 2024,2035,ITN1,Reservoir,Hydro,NA,6075
ERAA 2024,2035,ITN1,Run of river,Hydro,NA,5663
ERAA 2024,2035,ITS1,Reservoir,Hydro,NA,177
ERAA 2024,2035,ITS1,Run of river,Hydro,NA,53
ERAA 2024,2035,ITSA,Closed loop pumping,Hydro,NA,240
ERAA 2024,2035,ITSA,Reservoir,Hydro,NA,142
ERAA 2024,2035,ITSA,Run of river,Hydro,NA,77
ERAA 2024,2035,ITSI,Closed loop pumping,Hydro,NA,500
ERAA 2024,2035,ITSI,Open loop pumping,Hydro,NA,80
ERAA 2024,2035,ITSI,Reservoir,Hydro,NA,37
ERAA 2024,2035,ITSI,Run of river,Hydro,NA,92
ERAA 2024,2035,LT00,Closed loop pumping,Hydro,NA,938
ERAA 2024,2035,LT00,Run of river,Hydro,NA,127
ERAA 2024,2035,LUG1,Run of river,Hydro,NA,27
ERAA 2024,2035,LUV1,Closed loop pumping,Hydro,NA,1300
ERAA 2024,2035,LV00,Pondage,Hydro,NA,1592
ERAA 2024,2035,ME00,Reservoir,Hydro,NA,706
ERAA 2024,2035,ME00,Run of river,Hydro,NA,581
ERAA 2024,2035,MK00,Reservoir,Hydro,NA,729
ERAA 2024,2035,MK00,Run of river,Hydro,NA,231
ERAA 2024,2035,NL00,Run of river,Hydro,NA,37
ERAA 2024,2035,NOM1,Open loop pumping,Hydro,NA,60
ERAA 2024,2035,NOM1,Reservoir,Hydro,NA,3249
ERAA 2024,2035,NOM1,Run of river,Hydro,NA,1213
ERAA 2024,2035,NON1,Open loop pumping,Hydro,NA,0
ERAA 2024,2035,NON1,Reservoir,Hydro,NA,4795
ERAA 2024,2035,NON1,Run of river,Hydro,NA,755
ERAA 2024,2035,NOS1,Open loop pumping,Hydro,NA,0
ERAA 2024,2035,NOS1,Reservoir,Hydro,NA,3944
ERAA 2024,2035,NOS1,Run of river,Hydro,NA,3053
ERAA 2024,2035,NOS2,Open loop pumping,Hydro,NA,238
ERAA 2024,2035,NOS2,Reservoir,Hydro,NA,12194
ERAA 2024,2035,NOS2,Run of river,Hydro,NA,1792
ERAA 2024,2035,NOS3,Open loop pumping,Hydro,NA,412
ERAA 2024,2035,NOS3,Reservoir,Hydro,NA,5559
ERAA 2024,2035,NOS3,Run of river,Hydro,NA,853
ERAA 2024,2035,PL00,Closed loop pumping,Hydro,NA,1333
ERAA 2024,2035,PL00,Open loop pumping,Hydro,NA,283
ERAA 2024,2035,PL00,Reservoir,Hydro,NA,205
ERAA 2024,2035,PL00,Run of river,Hydro,NA,524
ERAA 2024,2035,PT00,Marine,Hydro,NA,201
ERAA 2024,2035,PT00,Open loop pumping,Hydro,NA,3839
ERAA 2024,2035,PT00,Pondage,Hydro,NA,266
ERAA 2024,2035,PT00,Reservoir,Hydro,NA,3766
ERAA 2024,2035,PT00,Run of river,Hydro,NA,508
ERAA 2024,2035,RO00,Open loop pumping,Hydro,NA,839
ERAA 2024,2035,RO00,Reservoir,Hydro,NA,2583
ERAA 2024,2035,RO00,Run of river,Hydro,NA,3378
ERAA 2024,2035,RS00,Closed loop pumping,Hydro,NA,1314
ERAA 2024,2035,RS00,Reservoir,Hydro,NA,435
ERAA 2024,2035,RS00,Run of river,Hydro,NA,2261
ERAA 2024,2035,SE01,Reservoir,Hydro,NA,5444
ERAA 2024,2035,SE02,Reservoir,Hydro,NA,7650
ERAA 2024,2035,SE03,Reservoir,Hydro,NA,2286
ERAA 2024,2035,SE04,Reservoir,Hydro,NA,237
ERAA 2024,2035,SI00,Closed loop pumping,Hydro,NA,180
ERAA 2024,2035,SI00,Pondage,Hydro,NA,1088
ERAA 2024,2035,SI00,Reservoir,Hydro,NA,21
ERAA 2024,2035,SI00,Run of river,Hydro,NA,134
ERAA 2024,2035,SK00,Closed loop pumping,Hydro,NA,760
ERAA 2024,2035,SK00,Open loop pumping,Hydro,NA,276
ERAA 2024,2035,SK00,Pondage,Hydro,NA,203
ERAA 2024,2035,SK00,Reservoir,Hydro,NA,21
ERAA 2024,2035,SK00,Run of river,Hydro,NA,1425
ERAA 2024,2035,UK00,Closed loop pumping,Hydro,NA,412
ERAA 2024,2035,UK00,Marine,Hydro,NA,189
ERAA 2024,2035,UK00,Run of river,Hydro,NA,1677
ERAA 2024,2035,UKNI,Reservoir,Hydro,NA,6
ERAA 2024,2035,AT00,Others (non-RES),Other non-RES,Available on market,509
ERAA 2024,2035,AT00,Others (non-RES),Other non-RES,NA,108
ERAA 2024,2035,BE00,Others (non-RES),Other non-RES,Available on market,1594
ERAA 2024,2035,BE00,Others (non-RES),Other non-RES,NA,48
ERAA 2024,2035,BG00,Others (non-RES),Other non-RES,Out of market/cannot be used for adequacy,184
ERAA 2024,2035,CH00,Others (non-RES),Other non-RES,Available on market,524
ERAA 2024,2035,CZ00,Others (non-RES),Other non-RES,Available on market,1019
ERAA 2024,2035,CZ00,Others (non-RES),Other non-RES,NA,171
ERAA 2024,2035,DE00,Others (non-RES),Other non-RES,Available on market,6011
ERAA 2024,2035,DE00,Others (non-RES),Other non-RES,NA,1852
ERAA 2024,2035,EE00,Others (non-RES),Other non-RES,Available on market,135
ERAA 2024,2035,EE00,Others (non-RES),Other non-RES,NA,8
ERAA 2024,2035,ES00,Others (non-RES),Other non-RES,Inelastic supply/fixed profile,4072
ERAA 2024,2035,FI00,Others (non-RES),Other non-RES,NA,153
ERAA 2024,2035,FR00,Others (non-RES),Other non-RES,Available on market,4566
ERAA 2024,2035,FR00,Others (non-RES),Other non-RES,NA,950
ERAA 2024,2035,HU00,Others (non-RES),Other non-RES,Available on market,1140
ERAA 2024,2035,HU00,Others (non-RES),Other non-RES,NA,95
ERAA 2024,2035,IE00,Others (non-RES),Other non-RES,Available on market,138
ERAA 2024,2035,ITCA,Others (non-RES),Other non-RES,Available on market,26
ERAA 2024,2035,ITCA,Others (non-RES),Other non-RES,NA,21
ERAA 2024,2035,ITCN,Others (non-RES),Other non-RES,Available on market,396
ERAA 2024,2035,ITCN,Others (non-RES),Other non-RES,NA,32
ERAA 2024,2035,ITCS,Others (non-RES),Other non-RES,Available on market,411
ERAA 2024,2035,ITCS,Others (non-RES),Other non-RES,NA,180
ERAA 2024,2035,ITN1,Others (non-RES),Other non-RES,Available on market,2687
ERAA 2024,2035,ITN1,Others (non-RES),Other non-RES,NA,512
ERAA 2024,2035,ITS1,Others (non-RES),Other non-RES,Available on market,686
ERAA 2024,2035,ITS1,Others (non-RES),Other non-RES,NA,50
ERAA 2024,2035,ITSA,Others (non-RES),Other non-RES,Available on market,73
ERAA 2024,2035,ITSA,Others (non-RES),Other non-RES,NA,24
ERAA 2024,2035,ITSI,Others (non-RES),Other non-RES,Available on market,225
ERAA 2024,2035,ITSI,Others (non-RES),Other non-RES,NA,8
ERAA 2024,2035,LT00,Others (non-RES),Other non-RES,Available on market,24
ERAA 2024,2035,LT00,Others (non-RES),Other non-RES,NA,58
ERAA 2024,2035,LUG1,Others (non-RES),Other non-RES,NA,21
ERAA 2024,2035,NL00,Others (non-RES),Other non-RES,Available on market,3858
ERAA 2024,2035,NOM1,Others (non-RES),Other non-RES,Available on market,20
ERAA 2024,2035,NON1,Others (non-RES),Other non-RES,Available on market,195
ERAA 2024,2035,NOS1,Others (non-RES),Other non-RES,Available on market,5
ERAA 2024,2035,NOS2,Others (non-RES),Other non-RES,Available on market,29
ERAA 2024,2035,NOS3,Others (non-RES),Other non-RES,Available on market,16
ERAA 2024,2035,PL00,Others (non-RES),Other non-RES,Available on market,2728
ERAA 2024,2035,PL00,Others (non-RES),Other non-RES,NA,128
ERAA 2024,2035,PT00,Others (non-RES),Other non-RES,Inelastic supply/fixed profile,491
ERAA 2024,2035,PT00,Others (non-RES),Other non-RES,NA,87
ERAA 2024,2035,RS00,Others (non-RES),Other non-RES,NA,30
ERAA 2024,2035,SE01,Others (non-RES),Other non-RES,NA,15
ERAA 2024,2035,SE02,Others (non-RES),Other non-RES,NA,19
ERAA 2024,2035,SE03,Others (non-RES),Other non-RES,NA,343
ERAA 2024,2035,SE04,Others (non-RES),Other non-RES,NA,73
ERAA 2024,2035,SI00,Others (non-RES),Other non-RES,Available on market,247
ERAA 2024,2035,SK00,Others (non-RES),Other non-RES,Inelastic supply/fixed profile,82
ERAA 2024,2035,SK00,Others (non-RES),Other non-RES,NA,181
ERAA 2024,2035,UK00,Others (non-RES),Other non-RES,Available on market,9004
ERAA 2024,2035,UKNI,Others (non-RES),Other non-RES,Available on market,9
ERAA 2024,2035,AT00,Small biomass,Others RES,NA,640
ERAA 2024,2035,BE00,Small biomass,Others RES,NA,567
ERAA 2024,2035,BG00,Small biomass,Others RES,NA,306
ERAA 2024,2035,CH00,Not defined or splitting not known RES,Others RES,NA,448
ERAA 2024,2035,CZ00,Small biomass,Others RES,NA,104
ERAA 2024,2035,DE00,Small biomass,Others RES,NA,6071
ERAA 2024,2035,EE00,Not defined or splitting not known RES,Others RES,NA,8
ERAA 2024,2035,EE00,Small biomass,Others RES,NA,152
ERAA 2024,2035,ES00,Not defined or splitting not known RES,Others RES,NA,1964
ERAA 2024,2035,FI00,Small biomass,Others RES,NA,1729
ERAA 2024,2035,FR00,Not defined or splitting not known RES,Others RES,NA,765
ERAA 2024,2035,FR00,Small biomass,Others RES,NA,675
ERAA 2024,2035,GR00,Geothermal,Others RES,NA,100
ERAA 2024,2035,GR00,Not defined or splitting not known RES,Others RES,NA,200
ERAA 2024,2035,GR00,Small biomass,Others RES,NA,600
ERAA 2024,2035,HR00,Geothermal,Others RES,NA,20
ERAA 2024,2035,HR00,Not defined or splitting not known RES,Others RES,NA,495
ERAA 2024,2035,HR00,Small biomass,Others RES,NA,99
ERAA 2024,2035,HU00,Geothermal,Others RES,NA,116
ERAA 2024,2035,HU00,Small biomass,Others RES,NA,116
ERAA 2024,2035,IE00,Small biomass,Others RES,NA,31
ERAA 2024,2035,ITCA,Small biomass,Others RES,NA,172
ERAA 2024,2035,ITCN,Geothermal,Others RES,NA,881
ERAA 2024,2035,ITCN,Small biomass,Others RES,NA,135
ERAA 2024,2035,ITCS,Small biomass,Others RES,NA,278
ERAA 2024,2035,ITN1,Small biomass,Others RES,NA,1219
ERAA 2024,2035,ITS1,Small biomass,Others RES,NA,377
ERAA 2024,2035,ITSA,Small biomass,Others RES,NA,94
ERAA 2024,2035,ITSI,Small biomass,Others RES,NA,94
ERAA 2024,2035,LT00,Not defined or splitting not known RES,Others RES,NA,36
ERAA 2024,2035,LT00,Small biomass,Others RES,NA,116
ERAA 2024,2035,LUG1,Small biomass,Others RES,NA,113
ERAA 2024,2035,LV00,Small biomass,Others RES,NA,138
ERAA 2024,2035,MK00,Small biomass,Others RES,NA,31
ERAA 2024,2035,NL00,Small biomass,Others RES,NA,415
ERAA 2024,2035,PL00,Not defined or splitting not known RES,Others RES,NA,408
ERAA 2024,2035,PL00,Small biomass,Others RES,NA,950
ERAA 2024,2035,PT00,Geothermal,Others RES,NA,74
ERAA 2024,2035,PT00,Not defined or splitting not known RES,Others RES,NA,870
ERAA 2024,2035,PT00,Small biomass,Others RES,NA,373
ERAA 2024,2035,RO00,Small biomass,Others RES,NA,160
ERAA 2024,2035,RS00,Not defined or splitting not known RES,Others RES,NA,103
ERAA 2024,2035,RS00,Small biomass,Others RES,NA,30
ERAA 2024,2035,SE01,Small biomass,Others RES,NA,179
ERAA 2024,2035,SE02,Small biomass,Others RES,NA,746
ERAA 2024,2035,SE03,Small biomass,Others RES,NA,1902
ERAA 2024,2035,SE04,Small biomass,Others RES,NA,661
ERAA 2024,2035,SI00,Small biomass,Others RES,NA,72
ERAA 2024,2035,SK00,Geothermal,Others RES,NA,4
ERAA 2024,2035,SK00,Not defined or splitting not known RES,Others RES,NA,47
ERAA 2024,2035,SK00,Small biomass,Others RES,NA,197
ERAA 2024,2035,UK00,Not defined or splitting not known RES,Others RES,NA,1414
ERAA 2024,2035,AL00,Solar roof-top PV,Solar,Market,0
ERAA 2024,2035,AL00,Solar (PV),Solar,NA,1100
ERAA 2024,2035,AT00,Solar roof-top PV,Solar,Market,0
ERAA 2024,2035,AT00,Solar (PV),Solar,NA,23435
ERAA 2024,2035,BA00,Solar roof-top PV,Solar,Market,0
ERAA 2024,2035,BA00,Solar (PV),Solar,NA,1704
ERAA 2024,2035,BE00,Solar roof-top PV,Solar,Market,0
ERAA 2024,2035,BE00,Solar (PV),Solar,NA,18010
ERAA 2024,2035,BG00,Solar roof-top PV,Solar,Market,0
ERAA 2024,2035,BG00,Solar (PV),Solar,NA,8101
ERAA 2024,2035,CH00,Solar roof-top PV,Solar,Market,0
ERAA 2024,2035,CH00,Solar (PV),Solar,NA,16196
ERAA 2024,2035,CZ00,Solar roof-top PV,Solar,Market,0
ERAA 2024,2035,CZ00,Solar (PV),Solar,NA,13749
ERAA 2024,2035,DE00,Solar roof-top PV,Solar,Market,164714
ERAA 2024,2035,DE00,Solar (PV),Solar,NA,143429
ERAA 2024,2035,DKE1,Solar roof-top PV,Solar,Market,0
ERAA 2024,2035,DKE1,Solar (PV),Solar,NA,7578
ERAA 2024,2035,DKW1,Solar roof-top PV,Solar,Market,0
ERAA 2024,2035,DKW1,Solar (PV),Solar,NA,18629
ERAA 2024,2035,EE00,Solar roof-top PV,Solar,Market,0
ERAA 2024,2035,EE00,Solar (PV),Solar,NA,1700
ERAA 2024,2035,ES00,Solar roof-top PV,Solar,Market,0
ERAA 2024,2035,ES00,Solar (PV),Solar,NA,107051
ERAA 2024,2035,ES00,Solar (thermal),Solar,NA,4804
ERAA 2024,2035,FI00,Solar roof-top PV,Solar,Market,0
ERAA 2024,2035,FI00,Solar (PV),Solar,NA,10995
ERAA 2024,2035,FR00,Solar roof-top PV,Solar,Market,0
ERAA 2024,2035,FR00,Solar (PV),Solar,NA,62216
ERAA 2024,2035,GR00,Solar roof-top PV,Solar,Market,0
ERAA 2024,2035,GR00,Solar (PV),Solar,NA,18000
ERAA 2024,2035,GR03,Solar roof-top PV,Solar,Market,0
ERAA 2024,2035,GR03,Solar (PV),Solar,NA,700
ERAA 2024,2035,GR03,Solar (thermal),Solar,NA,200
ERAA 2024,2035,HR00,Solar roof-top PV,Solar,Market,0
ERAA 2024,2035,HR00,Solar (PV),Solar,NA,1795
ERAA 2024,2035,HR00,Solar (thermal),Solar,NA,400
ERAA 2024,2035,HU00,Solar roof-top PV,Solar,Market,0
ERAA 2024,2035,HU00,Solar (PV),Solar,NA,14284
ERAA 2024,2035,IE00,Solar roof-top PV,Solar,Market,1539
ERAA 2024,2035,IE00,Solar (PV),Solar,NA,5798
ERAA 2024,2035,ITCA,Solar roof-top PV,Solar,Market,612
ERAA 2024,2035,ITCA,Solar (PV),Solar,NA,2615
ERAA 2024,2035,ITCN,Solar roof-top PV,Solar,Market,2424
ERAA 2024,2035,ITCN,Solar (PV),Solar,NA,8613
ERAA 2024,2035,ITCS,Solar roof-top PV,Solar,Market,4524
ERAA 2024,2035,ITCS,Solar (PV),Solar,NA,15218
ERAA 2024,2035,ITN1,Solar roof-top PV,Solar,Market,23626
ERAA 2024,2035,ITN1,Solar (PV),Solar,NA,43748
ERAA 2024,2035,ITS1,Solar roof-top PV,Solar,Market,1990
ERAA 2024,2035,ITS1,Solar (PV),Solar,NA,9180
ERAA 2024,2035,ITS1,Solar (thermal),Solar,NA,440
ERAA 2024,2035,ITSA,Solar roof-top PV,Solar,Market,1552
ERAA 2024,2035,ITSA,Solar (PV),Solar,NA,6415
ERAA 2024,2035,ITSI,Solar roof-top PV,Solar,Market,3065
ERAA 2024,2035,ITSI,Solar (PV),Solar,NA,10244
ERAA 2024,2035,ITSI,Solar (thermal),Solar,NA,440
ERAA 2024,2035,LT00,Solar roof-top PV,Solar,Market,1700
ERAA 2024,2035,LT00,Solar (PV),Solar,NA,5825
ERAA 2024,2035,LUG1,Solar roof-top PV,Solar,Market,1250
ERAA 2024,2035,LUG1,Solar (PV),Solar,NA,1759
ERAA 2024,2035,LV00,Solar roof-top PV,Solar,Market,100
ERAA 2024,2035,LV00,Solar (PV),Solar,NA,1350
ERAA 2024,2035,LV00,Solar (thermal),Solar,NA,70
ERAA 2024,2035,ME00,Solar roof-top PV,Solar,Market,0
ERAA 2024,2035,ME00,Solar (PV),Solar,NA,2039
ERAA 2024,2035,MK00,Solar roof-top PV,Solar,Market,0
ERAA 2024,2035,MK00,Solar (PV),Solar,NA,690
ERAA 2024,2035,MT00,Solar roof-top PV,Solar,Market,0
ERAA 2024,2035,MT00,Solar (PV),Solar,NA,266
ERAA 2024,2035,NL00,Solar roof-top PV,Solar,Market,0
ERAA 2024,2035,NL00,Solar (PV),Solar,NA,75944
ERAA 2024,2035,NOM1,Solar roof-top PV,Solar,Market,0
ERAA 2024,2035,NOM1,Solar (PV),Solar,NA,1750
ERAA 2024,2035,NON1,Solar roof-top PV,Solar,Market,0
ERAA 2024,2035,NOS0,Solar roof-top PV,Solar,Market,0
ERAA 2024,2035,NOS1,Solar (PV),Solar,NA,1750
ERAA 2024,2035,NOS2,Solar (PV),Solar,NA,1750
ERAA 2024,2035,NOS3,Solar (PV),Solar,NA,1750
ERAA 2024,2035,PL00,Solar roof-top PV,Solar,Market,0
ERAA 2024,2035,PL00,Solar (PV),Solar,NA,36000
ERAA 2024,2035,PT00,Solar roof-top PV,Solar,Market,0
ERAA 2024,2035,PT00,Solar (PV),Solar,NA,22111
ERAA 2024,2035,PT00,Solar (thermal),Solar,NA,600
ERAA 2024,2035,RO00,Solar roof-top PV,Solar,Market,0
ERAA 2024,2035,RO00,Solar (PV),Solar,NA,11000
ERAA 2024,2035,RS00,Solar roof-top PV,Solar,Market,0
ERAA 2024,2035,RS00,Solar (PV),Solar,NA,1046
ERAA 2024,2035,SE01,Solar roof-top PV,Solar,Market,245
ERAA 2024,2035,SE01,Solar (PV),Solar,NA,550
ERAA 2024,2035,SE02,Solar roof-top PV,Solar,Market,245
ERAA 2024,2035,SE02,Solar (PV),Solar,NA,980
ERAA 2024,2035,SE03,Solar roof-top PV,Solar,Market,3566
ERAA 2024,2035,SE03,Solar (PV),Solar,NA,4560
ERAA 2024,2035,SE04,Solar roof-top PV,Solar,Market,1555
ERAA 2024,2035,SE04,Solar (PV),Solar,NA,1850
ERAA 2024,2035,SI00,Solar roof-top PV,Solar,Market,3463
ERAA 2024,2035,SI00,Solar (PV),Solar,NA,4150
ERAA 2024,2035,SK00,Solar roof-top PV,Solar,Market,225
ERAA 2024,2035,SK00,Solar (PV),Solar,NA,1956
ERAA 2024,2035,UK00,Solar roof-top PV,Solar,Market,0
ERAA 2024,2035,UK00,Solar (PV),Solar,NA,18934
ERAA 2024,2035,UKNI,Solar roof-top PV,Solar,Market,200
ERAA 2024,2035,UKNI,Solar (PV),Solar,NA,716
ERAA 2024,2035,AL00,Non-market batteries,Storage,Non-market,0
ERAA 2024,2035,AT00,Battery,Storage,NA,3534
ERAA 2024,2035,AT00,Non-market batteries,Storage,Non-market,3022
ERAA 2024,2035,BA00,Battery,Storage,NA,50
ERAA 2024,2035,BA00,Non-market batteries,Storage,Non-market,0
ERAA 2024,2035,BE00,Battery,Storage,NA,2604
ERAA 2024,2035,BE00,Non-market batteries,Storage,Non-market,0
ERAA 2024,2035,BG00,Battery,Storage,NA,1696
ERAA 2024,2035,BG00,Non-market batteries,Storage,Non-market,0
ERAA 2024,2035,CH00,Battery,Storage,NA,2915
ERAA 2024,2035,CH00,Non-market batteries,Storage,Non-market,0
ERAA 2024,2035,CZ00,Battery,Storage,NA,3418
ERAA 2024,2035,CZ00,FuelCell,Storage,NA,13
ERAA 2024,2035,CZ00,Non-market batteries,Storage,Non-market,0
ERAA 2024,2035,DE00,Hydrogen,Storage,Available on market,500
ERAA 2024,2035,DE00,Battery,Storage,NA,19523
ERAA 2024,2035,DE00,Non-market batteries,Storage,Non-market,59250
ERAA 2024,2035,DKE1,Battery,Storage,NA,78
ERAA 2024,2035,DKE1,Non-market batteries,Storage,Non-market,0
ERAA 2024,2035,DKW1,Battery,Storage,NA,282
ERAA 2024,2035,DKW1,Non-market batteries,Storage,Non-market,0
ERAA 2024,2035,EE00,Battery,Storage,NA,227
ERAA 2024,2035,EE00,Non-market batteries,Storage,Non-market,0
ERAA 2024,2035,ES00,Battery,Storage,NA,13690
ERAA 2024,2035,ES00,Non-market batteries,Storage,Non-market,928
ERAA 2024,2035,FI00,Battery,Storage,NA,1889
ERAA 2024,2035,FI00,Non-market batteries,Storage,Non-market,0
ERAA 2024,2035,FR00,Battery,Storage,NA,470
ERAA 2024,2035,FR00,Non-market batteries,Storage,Non-market,0
ERAA 2024,2035,GR00,Battery,Storage,NA,3600
ERAA 2024,2035,GR00,Non-market batteries,Storage,Non-market,0
ERAA 2024,2035,GR03,Battery,Storage,NA,400
ERAA 2024,2035,GR03,Non-market batteries,Storage,Non-market,0
ERAA 2024,2035,HR00,Battery,Storage,NA,66
ERAA 2024,2035,HR00,Non-market batteries,Storage,Non-market,0
ERAA 2024,2035,HU00,Battery,Storage,NA,677
ERAA 2024,2035,HU00,Non-market batteries,Storage,Non-market,0
ERAA 2024,2035,IE00,Battery,Storage,NA,550
ERAA 2024,2035,IE00,Non-market batteries,Storage,Non-market,0
ERAA 2024,2035,ITCA,Battery,Storage,NA,793
ERAA 2024,2035,ITCA,Non-market batteries,Storage,Non-market,0
ERAA 2024,2035,ITCN,Battery,Storage,NA,863
ERAA 2024,2035,ITCN,Non-market batteries,Storage,Non-market,0
ERAA 2024,2035,ITCS,Battery,Storage,NA,2877
ERAA 2024,2035,ITCS,Non-market batteries,Storage,Non-market,0
ERAA 2024,2035,ITN1,Battery,Storage,NA,4081
ERAA 2024,2035,ITN1,Non-market batteries,Storage,Non-market,0
ERAA 2024,2035,ITS1,Battery,Storage,NA,3370
ERAA 2024,2035,ITS1,Non-market batteries,Storage,Non-market,0
ERAA 2024,2035,ITSA,Battery,Storage,NA,2195
ERAA 2024,2035,ITSA,Non-market batteries,Storage,Non-market,0
ERAA 2024,2035,ITSI,Battery,Storage,NA,2533
ERAA 2024,2035,ITSI,Non-market batteries,Storage,Non-market,0
ERAA 2024,2035,LT00,Battery,Storage,NA,1800
ERAA 2024,2035,LT00,Non-market batteries,Storage,Non-market,0
ERAA 2024,2035,LUG1,Battery,Storage,NA,38
ERAA 2024,2035,LUG1,Non-market batteries,Storage,Non-market,60
ERAA 2024,2035,LV00,Non-market batteries,Storage,Non-market,80
ERAA 2024,2035,ME00,Non-market batteries,Storage,Non-market,0
ERAA 2024,2035,MK00,Non-market batteries,Storage,Non-market,0
ERAA 2024,2035,MT00,Non-market batteries,Storage,Non-market,0
ERAA 2024,2035,NL00,Battery,Storage,NA,9950
ERAA 2024,2035,NL00,Non-market batteries,Storage,Non-market,5366
ERAA 2024,2035,NOM1,Non-market batteries,Storage,Non-market,0
ERAA 2024,2035,NON1,Non-market batteries,Storage,Non-market,0
ERAA 2024,2035,NOS0,Non-market batteries,Storage,Non-market,0
ERAA 2024,2035,PL00,Battery,Storage,NA,2113
ERAA 2024,2035,PL00,Non-market batteries,Storage,Non-market,0
ERAA 2024,2035,PT00,Battery,Storage,NA,4839
ERAA 2024,2035,PT00,Non-market batteries,Storage,Non-market,0
ERAA 2024,2035,RO00,Battery,Storage,NA,600
ERAA 2024,2035,RO00,Non-market batteries,Storage,Non-market,0
ERAA 2024,2035,RS00,Non-market batteries,Storage,Non-market,0
ERAA 2024,2035,SE01,Non-market batteries,Storage,Non-market,0
ERAA 2024,2035,SE02,Non-market batteries,Storage,Non-market,0
ERAA 2024,2035,SE03,Non-market batteries,Storage,Non-market,0
ERAA 2024,2035,SE04,Non-market batteries,Storage,Non-market,0
ERAA 2024,2035,SI00,Battery,Storage,NA,907
ERAA 2024,2035,SI00,Non-market batteries,Storage,Non-market,0
ERAA 2024,2035,SK00,Battery,Storage,NA,539
ERAA 2024,2035,SK00,Non-market batteries,Storage,Non-market,59
ERAA 2024,2035,UK00,Battery,Storage,NA,23914
ERAA 2024,2035,UK00,Non-market batteries,Storage,Non-market,0
ERAA 2024,2035,UKNI,Non-market batteries,Storage,Non-market,0
ERAA 2024,2035,AL00,Gas,Thermal,Available on market,300
ERAA 2024,2035,AT00,Gas,Thermal,Available on market,1348
ERAA 2024,2035,BA00,Lignite,Thermal,Available on market,1748
ERAA 2024,2035,BE00,Biofuel,Thermal,Available on market,354
ERAA 2024,2035,BE00,Gas,Thermal,Available on market,4481
ERAA 2024,2035,BE00,Hard coal,Thermal,Available on market,0
ERAA 2024,2035,BE00,Nuclear,Thermal,Available on market,2056
ERAA 2024,2035,BE00,Oil,Thermal,Available on market,140
ERAA 2024,2035,BG00,Gas,Thermal,Available on market,1259
ERAA 2024,2035,BG00,Hard coal,Thermal,Available on market,90
ERAA 2024,2035,BG00,Lignite,Thermal,Available on market,1522
ERAA 2024,2035,BG00,Nuclear,Thermal,Available on market,4000
ERAA 2024,2035,BG00,Lignite,Thermal,Mothballed,508
ERAA 2024,2035,BG00,Lignite,Thermal,Out of market/cannot be used for adequacy,169
ERAA 2024,2035,CZ00,Gas,Thermal,Available on market,2542
ERAA 2024,2035,CZ00,Nuclear,Thermal,Available on market,4385
ERAA 2024,2035,DE00,Gas,Thermal,Available on market,34169
ERAA 2024,2035,DE00,Lignite,Thermal,Available on market,5009
ERAA 2024,2035,DE00,Oil,Thermal,Available on market,487
ERAA 2024,2035,DE00,Gas,Thermal,Out of market/cannot be used for adequacy,900
ERAA 2024,2035,DE00,Oil,Thermal,Out of market/cannot be used for adequacy,300
ERAA 2024,2035,DKE1,Biofuel,Thermal,Available on market,885
ERAA 2024,2035,DKE1,Gas,Thermal,Available on market,200
ERAA 2024,2035,DKE1,Hard coal,Thermal,Available on market,0
ERAA 2024,2035,DKE1,Oil,Thermal,Available on market,576
ERAA 2024,2035,DKW1,Biofuel,Thermal,Available on market,604
ERAA 2024,2035,DKW1,Gas,Thermal,Available on market,513
ERAA 2024,2035,DKW1,Hard coal,Thermal,Available on market,0
ERAA 2024,2035,DKW1,Oil,Thermal,Available on market,126
ERAA 2024,2035,EE00,Biofuel,Thermal,Available on market,136
ERAA 2024,2035,EE00,Oil,Thermal,Available on market,216
ERAA 2024,2035,EE00,Gas,Thermal,Out of market/cannot be used for adequacy,250
ERAA 2024,2035,ES00,Gas,Thermal,Available on market,25060
ERAA 2024,2035,FI00,Biofuel,Thermal,Available on market,1178
ERAA 2024,2035,FI00,Gas,Thermal,Available on market,1046
ERAA 2024,2035,FI00,Hard coal,Thermal,Available on market,0
ERAA 2024,2035,FI00,Nuclear,Thermal,Available on market,4394
ERAA 2024,2035,FR00,Gas,Thermal,Available on market,7189
ERAA 2024,2035,FR00,Nuclear,Thermal,Available on market,63020
ERAA 2024,2035,GR00,Gas,Thermal,Available on market,7113
ERAA 2024,2035,HR00,Gas,Thermal,Available on market,498
ERAA 2024,2035,HU00,Biofuel,Thermal,Available on market,131
ERAA 2024,2035,HU00,Gas,Thermal,Available on market,3461
ERAA 2024,2035,HU00,Hard coal,Thermal,Available on market,0
ERAA 2024,2035,HU00,Nuclear,Thermal,Available on market,4277
ERAA 2024,2035,HU00,Oil,Thermal,Available on market,10
ERAA 2024,2035,IE00,Biofuel,Thermal,Available on market,39
ERAA 2024,2035,IE00,Gas,Thermal,Available on market,5033
ERAA 2024,2035,IE00,Lignite,Thermal,Available on market,39
ERAA 2024,2035,IE00,Oil,Thermal,Available on market,188
ERAA 2024,2035,IE00,Gas,Thermal,Out of market/can be used for adequacy,741
ERAA 2024,2035,IE00,Hard coal,Thermal,Out of market/can be used for adequacy,500
ERAA 2024,2035,IE00,Oil,Thermal,Out of market/can be used for adequacy,250
ERAA 2024,2035,ITCA,Gas,Thermal,Available on market,3498
ERAA 2024,2035,ITCN,Gas,Thermal,Available on market,1649
ERAA 2024,2035,ITCS,Gas,Thermal,Available on market,7470
ERAA 2024,2035,ITCS,Oil,Thermal,Available on market,80
ERAA 2024,2035,ITN1,Gas,Thermal,Available on market,25116
ERAA 2024,2035,ITS1,Gas,Thermal,Available on market,4462
ERAA 2024,2035,ITSA,Gas,Thermal,Available on market,43
ERAA 2024,2035,ITSI,Gas,Thermal,Available on market,3428
ERAA 2024,2035,LT00,Gas,Thermal,Available on market,503
ERAA 2024,2035,LV00,Gas,Thermal,Available on market,1073
ERAA 2024,2035,MK00,Gas,Thermal,Available on market,760
ERAA 2024,2035,MT00,Gas,Thermal,Available on market,486
ERAA 2024,2035,MT00,Oil,Thermal,Out of market/can be used for adequacy,175
ERAA 2024,2035,NL00,Biofuel,Thermal,Available on market,0
ERAA 2024,2035,NL00,Gas,Thermal,Available on market,10162
ERAA 2024,2035,NL00,Nuclear,Thermal,Available on market,486
ERAA 2024,2035,PL00,Biofuel,Thermal,Available on market,17
ERAA 2024,2035,PL00,Gas,Thermal,Available on market,8254
ERAA 2024,2035,PL00,Hard coal,Thermal,Available on market,8049
ERAA 2024,2035,PL00,Lignite,Thermal,Available on market,4060
ERAA 2024,2035,PL00,Nuclear,Thermal,Available on market,2220
ERAA 2024,2035,PT00,Gas,Thermal,Available on market,2055
ERAA 2024,2035,RO00,Gas,Thermal,Available on market,6380
ERAA 2024,2035,RO00,Nuclear,Thermal,Available on market,3087
ERAA 2024,2035,RS00,Gas,Thermal,Available on market,772
ERAA 2024,2035,RS00,Lignite,Thermal,Available on market,5050
ERAA 2024,2035,SE03,Gas,Thermal,Available on market,216
ERAA 2024,2035,SE03,Nuclear,Thermal,Available on market,6961
ERAA 2024,2035,SE03,Oil,Thermal,Out of market/cannot be used for adequacy,826
ERAA 2024,2035,SE04,Oil,Thermal,Out of market/cannot be used for adequacy,569
ERAA 2024,2035,SI00,Gas,Thermal,Available on market,594
ERAA 2024,2035,SI00,Hard coal,Thermal,Available on market,36
ERAA 2024,2035,SI00,Lignite,Thermal,Available on market,539
ERAA 2024,2035,SI00,Nuclear,Thermal,Available on market,696
ERAA 2024,2035,SI00,Gas,Thermal,Out of market/cannot be used for adequacy,58
ERAA 2024,2035,SK00,Biofuel,Thermal,Available on market,150
ERAA 2024,2035,SK00,Gas,Thermal,Available on market,738
ERAA 2024,2035,SK00,Hard coal,Thermal,Available on market,269
ERAA 2024,2035,SK00,Lignite,Thermal,Available on market,56
ERAA 2024,2035,SK00,Nuclear,Thermal,Available on market,2830
ERAA 2024,2035,SK00,Oil,Thermal,Available on market,133
ERAA 2024,2035,SK00,Gas,Thermal,Out of market/cannot be used for adequacy,206
ERAA 2024,2035,SK00,Oil,Thermal,Out of market/cannot be used for adequacy,109
ERAA 2024,2035,UK00,Gas,Thermal,Available on market,24876
ERAA 2024,2035,UK00,Nuclear,Thermal,Available on market,5040
ERAA 2024,2035,UKNI,Biofuel,Thermal,Available on market,18
ERAA 2024,2035,UKNI,Gas,Thermal,Available on market,1683
ERAA 2024,2035,UKNI,Lignite,Thermal,Available on market,0
ERAA 2024,2035,UKNI,Oil,Thermal,Available on market,389
ERAA 2024,2035,AL00,Wind onshore,Wind,NA,500
ERAA 2024,2035,AT00,Wind onshore,Wind,NA,10300
ERAA 2024,2035,BA00,Wind onshore,Wind,NA,1028
ERAA 2024,2035,BE00,Wind offshore,Wind,NA,4360
ERAA 2024,2035,BE00,Wind onshore,Wind,NA,6898
ERAA 2024,2035,BEOF,Wind offshore,Wind,NA,1400
ERAA 2024,2035,BG00,Wind offshore,Wind,NA,1499
ERAA 2024,2035,BG00,Wind onshore,Wind,NA,2500
ERAA 2024,2035,CH00,Wind onshore,Wind,NA,730
ERAA 2024,2035,CZ00,Wind onshore,Wind,NA,2218
ERAA 2024,2035,DE00,Wind offshore,Wind,NA,49635
ERAA 2024,2035,DE00,Wind onshore,Wind,NA,156956
ERAA 2024,2035,DEKF,Wind offshore,Wind,NA,336
ERAA 2024,2035,DKE1,Wind offshore,Wind,NA,873
ERAA 2024,2035,DKE1,Wind onshore,Wind,NA,1118
ERAA 2024,2035,DKHE,Wind offshore,Wind,NA,1100
ERAA 2024,2035,DKK2,Wind offshore,Wind,NA,1400
ERAA 2024,2035,DKKA,Wind offshore,Wind,NA,1100
ERAA 2024,2035,DKKF,Wind offshore,Wind,NA,605
ERAA 2024,2035,DKN1,Wind offshore,Wind,NA,4500
ERAA 2024,2035,DKN2,Wind offshore,Wind,NA,3400
ERAA 2024,2035,DKNS,Wind offshore,Wind,NA,6000
ERAA 2024,2035,DKW1,Wind offshore,Wind,NA,3772
ERAA 2024,2035,DKW1,Wind onshore,Wind,NA,6445
ERAA 2024,2035,EE00,Wind offshore,Wind,NA,1000
ERAA 2024,2035,EE00,Wind onshore,Wind,NA,2600
ERAA 2024,2035,ES00,Wind offshore,Wind,NA,2800
ERAA 2024,2035,ES00,Wind onshore,Wind,NA,68222
ERAA 2024,2035,FI00,Wind offshore,Wind,NA,3600
ERAA 2024,2035,FI00,Wind onshore,Wind,NA,39806
ERAA 2024,2035,FR00,Wind offshore,Wind,NA,14775
ERAA 2024,2035,FR00,Wind onshore,Wind,NA,37580
ERAA 2024,2035,GR00,Wind offshore,Wind,NA,6200
ERAA 2024,2035,GR00,Wind onshore,Wind,NA,7500
ERAA 2024,2035,GR03,Wind onshore,Wind,NA,1000
ERAA 2024,2035,HR00,Wind offshore,Wind,NA,510
ERAA 2024,2035,HR00,Wind onshore,Wind,NA,3133
ERAA 2024,2035,HU00,Wind onshore,Wind,NA,1675
ERAA 2024,2035,IE00,Wind offshore,Wind,NA,9270
ERAA 2024,2035,IE00,Wind onshore,Wind,NA,9000
ERAA 2024,2035,ITCA,Wind offshore,Wind,NA,350
ERAA 2024,2035,ITCA,Wind onshore,Wind,NA,2782
ERAA 2024,2035,ITCN,Wind offshore,Wind,NA,450
ERAA 2024,2035,ITCN,Wind onshore,Wind,NA,325
ERAA 2024,2035,ITCS,Wind offshore,Wind,NA,350
ERAA 2024,2035,ITCS,Wind onshore,Wind,NA,5975
ERAA 2024,2035,ITN1,Wind offshore,Wind,NA,800
ERAA 2024,2035,ITN1,Wind onshore,Wind,NA,502
ERAA 2024,2035,ITS1,Wind offshore,Wind,NA,1430
ERAA 2024,2035,ITS1,Wind onshore,Wind,NA,11647
ERAA 2024,2035,ITSA,Wind offshore,Wind,NA,1400
ERAA 2024,2035,ITSA,Wind onshore,Wind,NA,2828
ERAA 2024,2035,ITSI,Wind offshore,Wind,NA,1400
ERAA 2024,2035,ITSI,Wind onshore,Wind,NA,5290
ERAA 2024,2035,LT00,Wind offshore,Wind,NA,2122
ERAA 2024,2035,LT00,Wind onshore,Wind,NA,5228
ERAA 2024,2035,LUG1,Wind onshore,Wind,NA,591
ERAA 2024,2035,LV00,Wind offshore,Wind,NA,1000
ERAA 2024,2035,LV00,Wind onshore,Wind,NA,493
ERAA 2024,2035,ME00,Wind onshore,Wind,NA,275
ERAA 2024,2035,MK00,Wind onshore,Wind,NA,460
ERAA 2024,2035,NL00,Wind offshore,Wind,NA,25351
ERAA 2024,2035,NL00,Wind onshore,Wind,NA,10599
ERAA 2024,2035,NL60,Wind offshore,Wind,NA,2000
ERAA 2024,2035,NLLL,Wind offshore,Wind,NA,2000
ERAA 2024,2035,NOM1,Wind onshore,Wind,NA,2425
ERAA 2024,2035,NON1,Wind onshore,Wind,NA,1258
ERAA 2024,2035,NOS1,Wind onshore,Wind,NA,586
ERAA 2024,2035,NOS2,Wind offshore,Wind,NA,4504
ERAA 2024,2035,NOS2,Wind onshore,Wind,NA,2055
ERAA 2024,2035,NOS3,Wind offshore,Wind,NA,1000
ERAA 2024,2035,PL00,Wind offshore,Wind,NA,10874
ERAA 2024,2035,PL00,Wind onshore,Wind,NA,16940
ERAA 2024,2035,PT00,Wind offshore,Wind,NA,5600
ERAA 2024,2035,PT00,Wind onshore,Wind,NA,11529
ERAA 2024,2035,RO00,Wind offshore,Wind,NA,1000
ERAA 2024,2035,RO00,Wind onshore,Wind,NA,6600
ERAA 2024,2035,RS00,Wind onshore,Wind,NA,4701
ERAA 2024,2035,SE01,Wind offshore,Wind,NA,0
ERAA 2024,2035,SE01,Wind onshore,Wind,NA,7511
ERAA 2024,2035,SE02,Wind onshore,Wind,NA,11500
ERAA 2024,2035,SE03,Wind offshore,Wind,NA,1567
ERAA 2024,2035,SE03,Wind onshore,Wind,NA,7417
ERAA 2024,2035,SE04,Wind offshore,Wind,NA,2495
ERAA 2024,2035,SE04,Wind onshore,Wind,NA,3006
ERAA 2024,2035,SI00,Wind onshore,Wind,NA,212
ERAA 2024,2035,SK00,Wind onshore,Wind,NA,854
ERAA 2024,2035,UK00,Wind offshore,Wind,NA,47002
ERAA 2024,2035,UK00,Wind onshore,Wind,NA,25812
ERAA 2024,2035,UKNI,Wind offshore,Wind,NA,1000
ERAA 2024,2035,UKNI,Wind onshore,Wind,NA,3030
ERAA 2025 final,2028,AL00,EV - iDSR,DSR,Available on market,0
ERAA 2025 final,2028,AL00,HP - iDSR,DSR,Available on market,0
ERAA 2025 final,2028,AT00,DSR,DSR,Available on market,520
ERAA 2025 final,2028,AT00,EV - iDSR,DSR,Available on market,0
ERAA 2025 final,2028,AT00,HP - iDSR,DSR,Available on market,0
ERAA 2025 final,2028,BA00,EV - iDSR,DSR,Available on market,0
ERAA 2025 final,2028,BA00,HP - iDSR,DSR,Available on market,0
ERAA 2025 final,2028,BE00,DSR,DSR,Available on market,2044
ERAA 2025 final,2028,BE00,EV - iDSR,DSR,Available on market,34
ERAA 2025 final,2028,BE00,HP - iDSR,DSR,Available on market,9
ERAA 2025 final,2028,BG00,EV - iDSR,DSR,Available on market,0
ERAA 2025 final,2028,BG00,HP - iDSR,DSR,Available on market,0
ERAA 2025 final,2028,CH00,EV - iDSR,DSR,Available on market,374
ERAA 2025 final,2028,CH00,HP - iDSR,DSR,Available on market,6371
ERAA 2025 final,2028,CY00,EV - iDSR,DSR,Available on market,0
ERAA 2025 final,2028,CY00,HP - iDSR,DSR,Available on market,0
ERAA 2025 final,2028,CZ00,DSR,DSR,Available on market,110
ERAA 2025 final,2028,CZ00,EV - iDSR,DSR,Available on market,0
ERAA 2025 final,2028,CZ00,HP - iDSR,DSR,Available on market,0
ERAA 2025 final,2028,DE00,DSR,DSR,Available on market,675
ERAA 2025 final,2028,DE00,EV - iDSR,DSR,Available on market,2938
ERAA 2025 final,2028,DE00,HP - iDSR,DSR,Available on market,17
ERAA 2025 final,2028,DKE1,EV - iDSR,DSR,Available on market,0
ERAA 2025 final,2028,DKE1,HP - iDSR,DSR,Available on market,0
ERAA 2025 final,2028,DKW1,EV - iDSR,DSR,Available on market,0
ERAA 2025 final,2028,DKW1,HP - iDSR,DSR,Available on market,0
ERAA 2025 final,2028,EE00,DSR,DSR,Available on market,173
ERAA 2025 final,2028,EE00,EV - iDSR,DSR,Available on market,0
ERAA 2025 final,2028,EE00,HP - iDSR,DSR,Available on market,0
ERAA 2025 final,2028,ES00,EV - iDSR,DSR,Available on market,0
ERAA 2025 final,2028,ES00,HP - iDSR,DSR,Available on market,0
ERAA 2025 final,2028,ES00,DSR,DSR,Out of market - primary purpose ancillary service,1148
ERAA 2025 final,2028,FI00,DSR,DSR,Available on market,1332
ERAA 2025 final,2028,FI00,EV - iDSR,DSR,Available on market,1543
ERAA 2025 final,2028,FI00,HP - iDSR,DSR,Available on market,329
ERAA 2025 final,2028,FR00,DSR,DSR,Available on market,5025
ERAA 2025 final,2028,FR00,EV - iDSR,DSR,Available on market,13
ERAA 2025 final,2028,FR00,HP - iDSR,DSR,Available on market,0
ERAA 2025 final,2028,GR00,DSR,DSR,Available on market,120
ERAA 2025 final,2028,GR00,EV - iDSR,DSR,Available on market,0
ERAA 2025 final,2028,GR00,HP - iDSR,DSR,Available on market,0
ERAA 2025 final,2028,GR03,EV - iDSR,DSR,Available on market,0
ERAA 2025 final,2028,GR03,HP - iDSR,DSR,Available on market,0
ERAA 2025 final,2028,HR00,DSR,DSR,Available on market,87
ERAA 2025 final,2028,HR00,EV - iDSR,DSR,Available on market,0
ERAA 2025 final,2028,HR00,HP - iDSR,DSR,Available on market,0
ERAA 2025 final,2028,HU00,EV - iDSR,DSR,Available on market,0
ERAA 2025 final,2028,HU00,HP - iDSR,DSR,Available on market,0
ERAA 2025 final,2028,IE00,DSR,DSR,Available on market,860
ERAA 2025 final,2028,IE00,EV - iDSR,DSR,Available on market,0
ERAA 2025 final,2028,IE00,HP - iDSR,DSR,Available on market,0
ERAA 2025 final,2028,ITCA,DSR,DSR,Available on market,28
ERAA 2025 final,2028,ITCA,EV - iDSR,DSR,Available on market,0
ERAA 2025 final,2028,ITCA,HP - iDSR,DSR,Available on market,0
ERAA 2025 final,2028,ITCN,DSR,DSR,Available on market,174
ERAA 2025 final,2028,ITCN,EV - iDSR,DSR,Available on market,0
ERAA 2025 final,2028,ITCN,HP - iDSR,DSR,Available on market,0
ERAA 2025 final,2028,ITCS,DSR,DSR,Available on market,169
ERAA 2025 final,2028,ITCS,EV - iDSR,DSR,Available on market,0
ERAA 2025 final,2028,ITCS,HP - iDSR,DSR,Available on market,0
ERAA 2025 final,2028,ITN1,DSR,DSR,Available on market,1197
ERAA 2025 final,2028,ITN1,EV - iDSR,DSR,Available on market,0
ERAA 2025 final,2028,ITN1,HP - iDSR,DSR,Available on market,0
ERAA 2025 final,2028,ITS1,DSR,DSR,Available on market,87
ERAA 2025 final,2028,ITS1,EV - iDSR,DSR,Available on market,0
ERAA 2025 final,2028,ITS1,HP - iDSR,DSR,Available on market,0
ERAA 2025 final,2028,ITSA,DSR,DSR,Available on market,9
ERAA 2025 final,2028,ITSA,EV - iDSR,DSR,Available on market,0
ERAA 2025 final,2028,ITSA,HP - iDSR,DSR,Available on market,0
ERAA 2025 final,2028,ITSI,DSR,DSR,Available on market,38
ERAA 2025 final,2028,ITSI,EV - iDSR,DSR,Available on market,0
ERAA 2025 final,2028,ITSI,HP - iDSR,DSR,Available on market,0
ERAA 2025 final,2028,LT00,DSR,DSR,Available on market,28
ERAA 2025 final,2028,LT00,EV - iDSR,DSR,Available on market,0
ERAA 2025 final,2028,LT00,HP - iDSR,DSR,Available on market,0
ERAA 2025 final,2028,LUG1,EV - iDSR,DSR,Available on market,0
ERAA 2025 final,2028,LUG1,HP - iDSR,DSR,Available on market,0
ERAA 2025 final,2028,LV00,DSR,DSR,Available on market,150
ERAA 2025 final,2028,LV00,EV - iDSR,DSR,Available on market,0
ERAA 2025 final,2028,LV00,HP - iDSR,DSR,Available on market,0
ERAA 2025 final,2028,MD00,EV - iDSR,DSR,Available on market,18
ERAA 2025 final,2028,MD00,HP - iDSR,DSR,Available on market,0
ERAA 2025 final,2028,ME00,EV - iDSR,DSR,Available on market,0
ERAA 2025 final,2028,ME00,HP - iDSR,DSR,Available on market,0
ERAA 2025 final,2028,MK00,EV - iDSR,DSR,Available on market,0
ERAA 2025 final,2028,MK00,HP - iDSR,DSR,Available on market,0
ERAA 2025 final,2028,MT00,EV - iDSR,DSR,Available on market,0
ERAA 2025 final,2028,MT00,HP - iDSR,DSR,Available on market,0
ERAA 2025 final,2028,NL00,DSR,DSR,Available on market,943
ERAA 2025 final,2028,NL00,EV - iDSR,DSR,Available on market,0
ERAA 2025 final,2028,NL00,HP - iDSR,DSR,Available on market,0
ERAA 2025 final,2028,NOM1,EV - iDSR,DSR,Available on market,0
ERAA 2025 final,2028,NOM1,HP - iDSR,DSR,Available on market,0
ERAA 2025 final,2028,NON1,EV - iDSR,DSR,Available on market,0
ERAA 2025 final,2028,NON1,HP - iDSR,DSR,Available on market,0
ERAA 2025 final,2028,NOS1,EV - iDSR,DSR,Available on market,0
ERAA 2025 final,2028,NOS1,HP - iDSR,DSR,Available on market,0
ERAA 2025 final,2028,NOS2,EV - iDSR,DSR,Available on market,0
ERAA 2025 final,2028,NOS2,HP - iDSR,DSR,Available on market,0
ERAA 2025 final,2028,NOS3,EV - iDSR,DSR,Available on market,0
ERAA 2025 final,2028,NOS3,HP - iDSR,DSR,Available on market,0
ERAA 2025 final,2028,PL00,EV - iDSR,DSR,Available on market,0
ERAA 2025 final,2028,PL00,HP - iDSR,DSR,Available on market,0
ERAA 2025 final,2028,PT00,EV - iDSR,DSR,Available on market,0
ERAA 2025 final,2028,PT00,HP - iDSR,DSR,Available on market,0
ERAA 2025 final,2028,RO00,EV - iDSR,DSR,Available on market,0
ERAA 2025 final,2028,RO00,HP - iDSR,DSR,Available on market,0
ERAA 2025 final,2028,RS00,EV - iDSR,DSR,Available on market,0
ERAA 2025 final,2028,RS00,HP - iDSR,DSR,Available on market,0
ERAA 2025 final,2028,SE01,DSR,DSR,Available on market,140
ERAA 2025 final,2028,SE01,EV - iDSR,DSR,Available on market,0
ERAA 2025 final,2028,SE01,HP - iDSR,DSR,Available on market,0
ERAA 2025 final,2028,SE02,DSR,DSR,Available on market,197
ERAA 2025 final,2028,SE02,EV - iDSR,DSR,Available on market,0
ERAA 2025 final,2028,SE02,HP - iDSR,DSR,Available on market,0
ERAA 2025 final,2028,SE03,DSR,DSR,Available on market,1010
ERAA 2025 final,2028,SE03,EV - iDSR,DSR,Available on market,0
ERAA 2025 final,2028,SE03,HP - iDSR,DSR,Available on market,0
ERAA 2025 final,2028,SE04,DSR,DSR,Available on market,280
ERAA 2025 final,2028,SE04,EV - iDSR,DSR,Available on market,0
ERAA 2025 final,2028,SE04,HP - iDSR,DSR,Available on market,0
ERAA 2025 final,2028,SI00,DSR,DSR,Available on market,10
ERAA 2025 final,2028,SI00,EV - iDSR,DSR,Available on market,0
ERAA 2025 final,2028,SI00,HP - iDSR,DSR,Available on market,0
ERAA 2025 final,2028,SK00,EV - iDSR,DSR,Available on market,0
ERAA 2025 final,2028,SK00,HP - iDSR,DSR,Available on market,0
ERAA 2025 final,2028,UK00,DSR,DSR,Available on market,4708
ERAA 2025 final,2028,UK00,EV - iDSR,DSR,Available on market,0
ERAA 2025 final,2028,UK00,HP - iDSR,DSR,Available on market,0
ERAA 2025 final,2028,UKNI,DSR,DSR,Available on market,170
ERAA 2025 final,2028,UKNI,EV - iDSR,DSR,Available on market,0
ERAA 2025 final,2028,UKNI,HP - iDSR,DSR,Available on market,0
ERAA 2025 final,2028,AL00,Reservoir,Hydro,Available on market,1822
ERAA 2025 final,2028,AL00,Run of river,Hydro,Available on market,415
ERAA 2025 final,2028,AT00,Open loop pumping,Hydro,Available on market,4332
ERAA 2025 final,2028,AT00,Pondage,Hydro,Available on market,1150
ERAA 2025 final,2028,AT00,Reservoir,Hydro,Available on market,2532
ERAA 2025 final,2028,AT00,Run of river,Hydro,Available on market,4956
ERAA 2025 final,2028,BA00,Open loop pumping,Hydro,Available on market,440
ERAA 2025 final,2028,BA00,Pondage,Hydro,Available on market,228
ERAA 2025 final,2028,BA00,Reservoir,Hydro,Available on market,1616
ERAA 2025 final,2028,BA00,Run of river,Hydro,Available on market,32
ERAA 2025 final,2028,BE00,Closed loop pumping,Hydro,Available on market,1305
ERAA 2025 final,2028,BE00,Run of river,Hydro,Available on market,143
ERAA 2025 final,2028,BG00,Closed loop pumping,Hydro,Available on market,864
ERAA 2025 final,2028,BG00,Open loop pumping,Hydro,Available on market,535
ERAA 2025 final,2028,BG00,Reservoir,Hydro,Available on market,1281
ERAA 2025 final,2028,BG00,Run of river,Hydro,Available on market,536
ERAA 2025 final,2028,CH00,Closed loop pumping,Hydro,Available on market,1900
ERAA 2025 final,2028,CH00,Open loop pumping,Hydro,Available on market,2345
ERAA 2025 final,2028,CH00,Reservoir,Hydro,Available on market,8406
ERAA 2025 final,2028,CH00,Run of river,Hydro,Available on market,4211
ERAA 2025 final,2028,CZ00,Closed loop pumping,Hydro,Available on market,678
ERAA 2025 final,2028,CZ00,Open loop pumping,Hydro,Available on market,470
ERAA 2025 final,2028,CZ00,Reservoir,Hydro,Available on market,609
ERAA 2025 final,2028,CZ00,Run of river,Hydro,Available on market,415
ERAA 2025 final,2028,DE00,Closed loop pumping,Hydro,Available on market,6341
ERAA 2025 final,2028,DE00,Open loop pumping,Hydro,Available on market,2232
ERAA 2025 final,2028,DE00,Reservoir,Hydro,Available on market,1008
ERAA 2025 final,2028,DE00,Run of river,Hydro,Available on market,3934
ERAA 2025 final,2028,ES00,Closed loop pumping,Hydro,Available on market,3331
ERAA 2025 final,2028,ES00,Open loop pumping,Hydro,Available on market,2717
ERAA 2025 final,2028,ES00,Reservoir,Hydro,Available on market,11536
ERAA 2025 final,2028,ES00,Run of river,Hydro,Available on market,2968
ERAA 2025 final,2028,FI00,Reservoir,Hydro,Available on market,3237
ERAA 2025 final,2028,FR00,Closed loop pumping,Hydro,Available on market,1395
ERAA 2025 final,2028,FR00,Open loop pumping,Hydro,Available on market,2305
ERAA 2025 final,2028,FR00,Reservoir,Hydro,Available on market,9725
ERAA 2025 final,2028,FR00,Run of river,Hydro,Available on market,11600
ERAA 2025 final,2028,GR00,Closed loop pumping,Hydro,Available on market,680
ERAA 2025 final,2028,GR00,Open loop pumping,Hydro,Available on market,699
ERAA 2025 final,2028,GR00,Pondage,Hydro,Available on market,22
ERAA 2025 final,2028,GR00,Reservoir,Hydro,Available on market,2632
ERAA 2025 final,2028,GR00,Run of river,Hydro,Available on market,307
ERAA 2025 final,2028,HR00,Open loop pumping,Hydro,Available on market,282
ERAA 2025 final,2028,HR00,Pondage,Hydro,Available on market,313
ERAA 2025 final,2028,HR00,Reservoir,Hydro,Available on market,1423
ERAA 2025 final,2028,HR00,Run of river,Hydro,Available on market,65
ERAA 2025 final,2028,HU00,Run of river,Hydro,Available on market,63
ERAA 2025 final,2028,IE00,Closed loop pumping,Hydro,Available on market,292
ERAA 2025 final,2028,IE00,Run of river,Hydro,Available on market,215
ERAA 2025 final,2028,ITCA,Reservoir,Hydro,Available on market,699
ERAA 2025 final,2028,ITCA,Run of river,Hydro,Available on market,118
ERAA 2025 final,2028,ITCN,Reservoir,Hydro,Available on market,374
ERAA 2025 final,2028,ITCN,Run of river,Hydro,Available on market,308
ERAA 2025 final,2028,ITCS,Closed loop pumping,Hydro,Available on market,985
ERAA 2025 final,2028,ITCS,Open loop pumping,Hydro,Available on market,742
ERAA 2025 final,2028,ITCS,Reservoir,Hydro,Available on market,961
ERAA 2025 final,2028,ITCS,Run of river,Hydro,Available on market,680
ERAA 2025 final,2028,ITN1,Closed loop pumping,Hydro,Available on market,2380
ERAA 2025 final,2028,ITN1,Open loop pumping,Hydro,Available on market,2755
ERAA 2025 final,2028,ITN1,Reservoir,Hydro,Available on market,6075
ERAA 2025 final,2028,ITN1,Run of river,Hydro,Available on market,5663
ERAA 2025 final,2028,ITS1,Reservoir,Hydro,Available on market,230
ERAA 2025 final,2028,ITSA,Closed loop pumping,Hydro,Available on market,240
ERAA 2025 final,2028,ITSA,Reservoir,Hydro,Available on market,142
ERAA 2025 final,2028,ITSA,Run of river,Hydro,Available on market,77
ERAA 2025 final,2028,ITSI,Closed loop pumping,Hydro,Available on market,500
ERAA 2025 final,2028,ITSI,Open loop pumping,Hydro,Available on market,80
ERAA 2025 final,2028,ITSI,Reservoir,Hydro,Available on market,37
ERAA 2025 final,2028,ITSI,Run of river,Hydro,Available on market,92
ERAA 2025 final,2028,LT00,Closed loop pumping,Hydro,Available on market,938
ERAA 2025 final,2028,LT00,Run of river,Hydro,Available on market,127
ERAA 2025 final,2028,LUG1,Run of river,Hydro,Available on market,27
ERAA 2025 final,2028,LUV1,Closed loop pumping,Hydro,Available on market,1300
ERAA 2025 final,2028,LV00,Pondage,Hydro,Available on market,1592
ERAA 2025 final,2028,MD00,Run of river,Hydro,Available on market,17
ERAA 2025 final,2028,MD00,Run of river,Hydro,Inelastic supply / fixed profile,48
ERAA 2025 final,2028,ME00,Reservoir,Hydro,Available on market,706
ERAA 2025 final,2028,ME00,Run of river,Hydro,Available on market,581
ERAA 2025 final,2028,MK00,Reservoir,Hydro,Available on market,539
ERAA 2025 final,2028,MK00,Run of river,Hydro,Available on market,222
ERAA 2025 final,2028,NL00,Run of river,Hydro,Available on market,37
ERAA 2025 final,2028,NOM1,Open loop pumping,Hydro,Available on market,66
ERAA 2025 final,2028,NOM1,Reservoir,Hydro,Available on market,3162
ERAA 2025 final,2028,NOM1,Run of river,Hydro,Available on market,1035
ERAA 2025 final,2028,NON1,Reservoir,Hydro,Available on market,4699
ERAA 2025 final,2028,NON1,Run of river,Hydro,Available on market,680
ERAA 2025 final,2028,NOS1,Reservoir,Hydro,Available on market,5050
ERAA 2025 final,2028,NOS1,Run of river,Hydro,Available on market,2899
ERAA 2025 final,2028,NOS2,Open loop pumping,Hydro,Available on market,249
ERAA 2025 final,2028,NOS2,Reservoir,Hydro,Available on market,7831
ERAA 2025 final,2028,NOS2,Run of river,Hydro,Available on market,938
ERAA 2025 final,2028,NOS3,Open loop pumping,Hydro,Available on market,419
ERAA 2025 final,2028,NOS3,Reservoir,Hydro,Available on market,5471
ERAA 2025 final,2028,NOS3,Run of river,Hydro,Available on market,679
ERAA 2025 final,2028,PL00,Closed loop pumping,Hydro,Available on market,1279
ERAA 2025 final,2028,PL00,Open loop pumping,Hydro,Available on market,118
ERAA 2025 final,2028,PL00,Reservoir,Hydro,Available on market,425
ERAA 2025 final,2028,PL00,Run of river,Hydro,Available on market,524
ERAA 2025 final,2028,PT00,Open loop pumping,Hydro,Available on market,3839
ERAA 2025 final,2028,PT00,Pondage,Hydro,Available on market,280
ERAA 2025 final,2028,PT00,Reservoir,Hydro,Available on market,3766
ERAA 2025 final,2028,PT00,Run of river,Hydro,Available on market,508
ERAA 2025 final,2028,PT00,Marine,Hydro,Inelastic supply / fixed profile,1
ERAA 2025 final,2028,RO00,Reservoir,Hydro,Available on market,2133
ERAA 2025 final,2028,RO00,Run of river,Hydro,Available on market,3810
ERAA 2025 final,2028,RO00,Run of river,Hydro,Mothballed,16
ERAA 2025 final,2028,RS00,Closed loop pumping,Hydro,Available on market,614
ERAA 2025 final,2028,RS00,Reservoir,Hydro,Available on market,435
ERAA 2025 final,2028,RS00,Run of river,Hydro,Available on market,1996
ERAA 2025 final,2028,SE01,Reservoir,Hydro,Available on market,5444
ERAA 2025 final,2028,SE02,Reservoir,Hydro,Available on market,7650
ERAA 2025 final,2028,SE03,Reservoir,Hydro,Available on market,2286
ERAA 2025 final,2028,SE04,Reservoir,Hydro,Available on market,237
ERAA 2025 final,2028,SI00,Pondage,Hydro,Available on market,1029
ERAA 2025 final,2028,SI00,Run of river,Hydro,Available on market,135
ERAA 2025 final,2028,SK00,Closed loop pumping,Hydro,Available on market,660
ERAA 2025 final,2028,SK00,Open loop pumping,Hydro,Available on market,276
ERAA 2025 final,2028,SK00,Pondage,Hydro,Available on market,203
ERAA 2025 final,2028,SK00,Reservoir,Hydro,Available on market,21
ERAA 2025 final,2028,SK00,Run of river,Hydro,Available on market,1401
ERAA 2025 final,2028,UK00,Closed loop pumping,Hydro,Available on market,2744
ERAA 2025 final,2028,UK00,Marine,Hydro,Available on market,252
ERAA 2025 final,2028,UK00,Run of river,Hydro,Available on market,1926
ERAA 2025 final,2028,UKNI,Run of river,Hydro,Available on market,6
ERAA 2025 final,2028,AT00,Small biomass,Others RES,Available on market,640
ERAA 2025 final,2028,AT00,Waste,Others RES,Available on market,108
ERAA 2025 final,2028,BE00,Small biomass,Others RES,Available on market,567
ERAA 2025 final,2028,BE00,Waste,Others RES,Available on market,30
ERAA 2025 final,2028,BG00,Small biomass,Others RES,Available on market,80
ERAA 2025 final,2028,CH00,Small biomass,Others RES,Available on market,69
ERAA 2025 final,2028,CH00,Waste,Others RES,Available on market,231
ERAA 2025 final,2028,CY00,Waste,Others RES,Available on market,17
ERAA 2025 final,2028,CZ00,Small biomass,Others RES,Available on market,950
ERAA 2025 final,2028,CZ00,Waste,Others RES,Available on market,261
ERAA 2025 final,2028,DE00,Small biomass,Others RES,Inelastic supply / fixed profile,10420
ERAA 2025 final,2028,DE00,Waste,Others RES,Inelastic supply / fixed profile,1938
ERAA 2025 final,2028,EE00,Small biomass,Others RES,Available on market,152
ERAA 2025 final,2028,EE00,Waste,Others RES,Available on market,17
ERAA 2025 final,2028,ES00,Small biomass,Others RES,Available on market,1697
ERAA 2025 final,2028,FI00,Small biomass,Others RES,Available on market,1683
ERAA 2025 final,2028,FI00,Waste,Others RES,Available on market,153
ERAA 2025 final,2028,FR00,Small biomass,Others RES,Available on market,1304
ERAA 2025 final,2028,FR00,Waste,Others RES,Available on market,449
ERAA 2025 final,2028,GR00,Small biomass,Others RES,Available on market,139
ERAA 2025 final,2028,GR03,Small biomass,Others RES,Available on market,3
ERAA 2025 final,2028,HR00,Geothermal,Others RES,Available on market,20
ERAA 2025 final,2028,HR00,Small biomass,Others RES,Available on market,99
ERAA 2025 final,2028,HU00,Geothermal,Others RES,Available on market,19
ERAA 2025 final,2028,HU00,Small biomass,Others RES,Available on market,157
ERAA 2025 final,2028,HU00,Waste,Others RES,Available on market,37
ERAA 2025 final,2028,IE00,Waste,Others RES,Available on market,78
ERAA 2025 final,2028,ITCA,Small biomass,Others RES,Available on market,172
ERAA 2025 final,2028,ITCA,Waste,Others RES,Available on market,21
ERAA 2025 final,2028,ITCN,Geothermal,Others RES,Available on market,862
ERAA 2025 final,2028,ITCN,Small biomass,Others RES,Available on market,165
ERAA 2025 final,2028,ITCN,Waste,Others RES,Available on market,32
ERAA 2025 final,2028,ITCS,Small biomass,Others RES,Available on market,339
ERAA 2025 final,2028,ITCS,Waste,Others RES,Available on market,180
ERAA 2025 final,2028,ITN1,Small biomass,Others RES,Available on market,1788
ERAA 2025 final,2028,ITN1,Waste,Others RES,Available on market,512
ERAA 2025 final,2028,ITS1,Small biomass,Others RES,Available on market,408
ERAA 2025 final,2028,ITS1,Waste,Others RES,Available on market,50
ERAA 2025 final,2028,ITSA,Small biomass,Others RES,Available on market,94
ERAA 2025 final,2028,ITSA,Waste,Others RES,Available on market,24
ERAA 2025 final,2028,ITSI,Small biomass,Others RES,Available on market,94
ERAA 2025 final,2028,ITSI,Waste,Others RES,Available on market,8
ERAA 2025 final,2028,LT00,Small biomass,Others RES,Available on market,150
ERAA 2025 final,2028,LT00,Waste,Others RES,Available on market,60
ERAA 2025 final,2028,LUG1,Small biomass,Others RES,Available on market,99
ERAA 2025 final,2028,LV00,Small biomass,Others RES,Available on market,156
ERAA 2025 final,2028,MD00,Small biomass,Others RES,Available on market,3
ERAA 2025 final,2028,MK00,Small biomass,Others RES,Available on market,31
ERAA 2025 final,2028,NL00,Small biomass,Others RES,Available on market,100
ERAA 2025 final,2028,NL00,Small biomass,Others RES,Inelastic supply / fixed profile,419
ERAA 2025 final,2028,NL00,Waste,Others RES,Inelastic supply / fixed profile,670
ERAA 2025 final,2028,PL00,Small biomass,Others RES,Inelastic supply / fixed profile,1423
ERAA 2025 final,2028,PL00,Waste,Others RES,Inelastic supply / fixed profile,149
ERAA 2025 final,2028,PT00,Small biomass,Others RES,Inelastic supply / fixed profile,994
ERAA 2025 final,2028,PT00,Waste,Others RES,Inelastic supply / fixed profile,85
ERAA 2025 final,2028,RO00,Small biomass,Others RES,Available on market,140
ERAA 2025 final,2028,RS00,Waste,Others RES,Available on market,30
ERAA 2025 final,2028,SE01,Small biomass,Others RES,Available on market,179
ERAA 2025 final,2028,SE01,Waste,Others RES,Available on market,15
ERAA 2025 final,2028,SE02,Small biomass,Others RES,Available on market,746
ERAA 2025 final,2028,SE02,Waste,Others RES,Available on market,19
ERAA 2025 final,2028,SE03,Small biomass,Others RES,Available on market,2102
ERAA 2025 final,2028,SE03,Waste,Others RES,Available on market,343
ERAA 2025 final,2028,SE04,Small biomass,Others RES,Available on market,753
ERAA 2025 final,2028,SE04,Waste,Others RES,Available on market,73
ERAA 2025 final,2028,SI00,Small biomass,Others RES,Inelastic supply / fixed profile,22
ERAA 2025 final,2028,SK00,Geothermal,Others RES,Inelastic supply / fixed profile,12
ERAA 2025 final,2028,SK00,Small biomass,Others RES,Inelastic supply / fixed profile,101
ERAA 2025 final,2028,SK00,Waste,Others RES,Inelastic supply / fixed profile,173
ERAA 2025 final,2028,UK00,Small biomass,Others RES,Available on market,4223
ERAA 2025 final,2028,UK00,Waste,Others RES,Available on market,3420
ERAA 2025 final,2028,AL00,Solar PV utility non-tracking,Solar,Available on market,5
ERAA 2025 final,2028,AL00,Solar PV utility tracking,Solar,Available on market,695
ERAA 2025 final,2028,AT00,Solar PV utility non-tracking,Solar,Available on market,8920
ERAA 2025 final,2028,AT00,Solar PV rooftop residential,Solar,Out of market – for PV/battery dispatch optimization,7360
ERAA 2025 final,2028,BA00,Solar PV utility non-tracking,Solar,Available on market,1945
ERAA 2025 final,2028,BE00,Solar PV rooftop residential,Solar,Available on market,13854
ERAA 2025 final,2028,BG00,Solar PV utility non-tracking,Solar,Available on market,5411
ERAA 2025 final,2028,CH00,Solar PV utility non-tracking,Solar,Available on market,180
ERAA 2025 final,2028,CH00,Solar PV rooftop industrial,Solar,Out of market – for PV/battery dispatch optimization,8397
ERAA 2025 final,2028,CH00,Solar PV rooftop residential,Solar,Out of market – for PV/battery dispatch optimization,5598
ERAA 2025 final,2028,CY00,Solar PV rooftop industrial,Solar,Available on market,56
ERAA 2025 final,2028,CY00,Solar PV rooftop residential,Solar,Available on market,319
ERAA 2025 final,2028,CY00,Solar PV utility non-tracking,Solar,Available on market,494
ERAA 2025 final,2028,CY00,Solar PV utility tracking,Solar,Available on market,26
ERAA 2025 final,2028,CZ00,Solar PV rooftop residential,Solar,Available on market,2440
ERAA 2025 final,2028,CZ00,Solar PV utility non-tracking,Solar,Available on market,5540
ERAA 2025 final,2028,DE00,Solar PV rooftop industrial,Solar,Available on market,33911
ERAA 2025 final,2028,DE00,Solar PV rooftop residential,Solar,Available on market,38797
ERAA 2025 final,2028,DE00,Solar PV utility non-tracking,Solar,Available on market,65206
ERAA 2025 final,2028,DE00,Solar PV rooftop residential,Solar,Out of market – for PV/battery dispatch optimization,36682
ERAA 2025 final,2028,DKE1,Solar PV rooftop industrial,Solar,Available on market,449
ERAA 2025 final,2028,DKE1,Solar PV rooftop residential,Solar,Available on market,492
ERAA 2025 final,2028,DKE1,Solar PV utility non-tracking,Solar,Available on market,2513
ERAA 2025 final,2028,DKE1,Solar PV utility tracking,Solar,Available on market,662
ERAA 2025 final,2028,DKW1,Solar PV rooftop industrial,Solar,Available on market,680
ERAA 2025 final,2028,DKW1,Solar PV rooftop residential,Solar,Available on market,930
ERAA 2025 final,2028,DKW1,Solar PV utility non-tracking,Solar,Available on market,6317
ERAA 2025 final,2028,DKW1,Solar PV utility tracking,Solar,Available on market,1512
ERAA 2025 final,2028,EE00,Solar PV utility non-tracking,Solar,Available on market,1470
ERAA 2025 final,2028,ES00,Solar PV rooftop residential,Solar,Available on market,12844
ERAA 2025 final,2028,ES00,Solar PV utility non-tracking,Solar,Available on market,25683
ERAA 2025 final,2028,ES00,Solar PV utility tracking,Solar,Available on market,11238
ERAA 2025 final,2028,ES00,Solar thermal with storage,Solar,Available on market,1034
ERAA 2025 final,2028,ES00,Solar thermal without storage,Solar,Available on market,1271
ERAA 2025 final,2028,FI00,Solar PV rooftop residential,Solar,Available on market,2118
ERAA 2025 final,2028,FI00,Solar PV utility non-tracking,Solar,Available on market,4731
ERAA 2025 final,2028,FR00,Solar PV rooftop industrial,Solar,Available on market,10292
ERAA 2025 final,2028,FR00,Solar PV rooftop residential,Solar,Available on market,6308
ERAA 2025 final,2028,FR00,Solar PV utility non-tracking,Solar,Available on market,16600
ERAA 2025 final,2028,GR00,Solar PV rooftop industrial,Solar,Available on market,154
ERAA 2025 final,2028,GR00,Solar PV rooftop residential,Solar,Available on market,678
ERAA 2025 final,2028,GR00,Solar PV utility non-tracking,Solar,Available on market,10198
ERAA 2025 final,2028,GR03,Solar PV rooftop industrial,Solar,Available on market,31
ERAA 2025 final,2028,GR03,Solar PV rooftop residential,Solar,Available on market,77
ERAA 2025 final,2028,GR03,Solar PV utility non-tracking,Solar,Available on market,243
ERAA 2025 final,2028,HR00,Solar PV rooftop industrial,Solar,Available on market,307
ERAA 2025 final,2028,HR00,Solar PV rooftop residential,Solar,Available on market,445
ERAA 2025 final,2028,HR00,Solar PV utility tracking,Solar,Available on market,231
ERAA 2025 final,2028,HU00,Solar PV rooftop industrial,Solar,Available on market,1165
ERAA 2025 final,2028,HU00,Solar PV rooftop residential,Solar,Available on market,3022
ERAA 2025 final,2028,HU00,Solar PV utility non-tracking,Solar,Available on market,6246
ERAA 2025 final,2028,HU00,Solar PV utility tracking,Solar,Available on market,694
ERAA 2025 final,2028,HU00,Solar PV rooftop residential,Solar,Out of market – for PV/battery dispatch optimization,79
ERAA 2025 final,2028,IE00,Solar PV rooftop residential,Solar,Available on market,1916
ERAA 2025 final,2028,IE00,Solar PV utility non-tracking,Solar,Available on market,2852
ERAA 2025 final,2028,ITCA,Solar PV rooftop industrial,Solar,Available on market,631
ERAA 2025 final,2028,ITCA,Solar PV utility non-tracking,Solar,Available on market,443
ERAA 2025 final,2028,ITCA,Solar PV utility tracking,Solar,Available on market,642
ERAA 2025 final,2028,ITCN,Solar PV rooftop industrial,Solar,Available on market,1972
ERAA 2025 final,2028,ITCN,Solar PV utility non-tracking,Solar,Available on market,2203
ERAA 2025 final,2028,ITCN,Solar PV utility tracking,Solar,Available on market,1701
ERAA 2025 final,2028,ITCS,Solar PV rooftop industrial,Solar,Available on market,3325
ERAA 2025 final,2028,ITCS,Solar PV utility non-tracking,Solar,Available on market,2863
ERAA 2025 final,2028,ITCS,Solar PV utility tracking,Solar,Available on market,5199
ERAA 2025 final,2028,ITN1,Solar PV rooftop industrial,Solar,Available on market,18457
ERAA 2025 final,2028,ITN1,Solar PV utility non-tracking,Solar,Available on market,7831
ERAA 2025 final,2028,ITN1,Solar PV utility tracking,Solar,Available on market,2043
ERAA 2025 final,2028,ITS1,Solar PV rooftop industrial,Solar,Available on market,952
ERAA 2025 final,2028,ITS1,Solar PV utility non-tracking,Solar,Available on market,2573
ERAA 2025 final,2028,ITS1,Solar PV utility tracking,Solar,Available on market,2730
ERAA 2025 final,2028,ITSA,Solar PV rooftop industrial,Solar,Available on market,829
ERAA 2025 final,2028,ITSA,Solar PV utility non-tracking,Solar,Available on market,815
ERAA 2025 final,2028,ITSA,Solar PV utility tracking,Solar,Available on market,2006
ERAA 2025 final,2028,ITSI,Solar PV rooftop industrial,Solar,Available on market,1864
ERAA 2025 final,2028,ITSI,Solar PV utility non-tracking,Solar,Available on market,1402
ERAA 2025 final,2028,ITSI,Solar PV utility tracking,Solar,Available on market,3841
ERAA 2025 final,2028,ITSI,Solar thermal without storage,Solar,Available on market,30
ERAA 2025 final,2028,LT00,Solar PV rooftop residential,Solar,Available on market,1550
ERAA 2025 final,2028,LT00,Solar PV utility non-tracking,Solar,Available on market,2369
ERAA 2025 final,2028,LUG1,Solar PV rooftop residential,Solar,Available on market,480
ERAA 2025 final,2028,LUG1,Solar PV utility non-tracking,Solar,Available on market,206
ERAA 2025 final,2028,LV00,Solar PV rooftop industrial,Solar,Available on market,560
ERAA 2025 final,2028,LV00,Solar PV rooftop residential,Solar,Available on market,475
ERAA 2025 final,2028,LV00,Solar thermal without storage,Solar,Available on market,50
ERAA 2025 final,2028,MD00,Solar PV rooftop residential,Solar,Available on market,9
ERAA 2025 final,2028,MD00,Solar PV utility non-tracking,Solar,Available on market,305
ERAA 2025 final,2028,ME00,Solar PV rooftop industrial,Solar,Available on market,489
ERAA 2025 final,2028,MK00,Solar PV rooftop residential,Solar,Available on market,1142
ERAA 2025 final,2028,MK00,Solar PV utility non-tracking,Solar,Available on market,554
ERAA 2025 final,2028,MT00,Solar PV rooftop industrial,Solar,Available on market,165
ERAA 2025 final,2028,MT00,Solar PV rooftop residential,Solar,Available on market,140
ERAA 2025 final,2028,MT00,Solar PV utility non-tracking,Solar,Available on market,13
ERAA 2025 final,2028,NL00,Solar PV rooftop industrial,Solar,Available on market,14580
ERAA 2025 final,2028,NL00,Solar PV rooftop residential,Solar,Available on market,19621
ERAA 2025 final,2028,NL00,Solar PV utility tracking,Solar,Available on market,11201
ERAA 2025 final,2028,NOM1,Solar PV rooftop industrial,Solar,Available on market,1070
ERAA 2025 final,2028,NOS1,Solar PV rooftop industrial,Solar,Available on market,1415
ERAA 2025 final,2028,NOS2,Solar PV rooftop industrial,Solar,Available on market,1180
ERAA 2025 final,2028,NOS3,Solar PV rooftop industrial,Solar,Available on market,477
ERAA 2025 final,2028,PL00,Solar PV rooftop residential,Solar,Available on market,13500
ERAA 2025 final,2028,PL00,Solar PV utility non-tracking,Solar,Available on market,11776
ERAA 2025 final,2028,PT00,Solar PV rooftop industrial,Solar,Available on market,5026
ERAA 2025 final,2028,PT00,Solar PV utility non-tracking,Solar,Available on market,6675
ERAA 2025 final,2028,RO00,Solar PV rooftop residential,Solar,Available on market,3500
ERAA 2025 final,2028,RO00,Solar PV utility non-tracking,Solar,Available on market,8550
ERAA 2025 final,2028,RS00,Solar PV utility non-tracking,Solar,Available on market,3169
ERAA 2025 final,2028,SE01,Solar PV rooftop residential,Solar,Available on market,91
ERAA 2025 final,2028,SE01,Solar PV utility non-tracking,Solar,Available on market,91
ERAA 2025 final,2028,SE02,Solar PV rooftop residential,Solar,Available on market,235
ERAA 2025 final,2028,SE02,Solar PV utility non-tracking,Solar,Available on market,154
ERAA 2025 final,2028,SE03,Solar PV rooftop residential,Solar,Available on market,3414
ERAA 2025 final,2028,SE03,Solar PV utility non-tracking,Solar,Available on market,113
ERAA 2025 final,2028,SE04,Solar PV rooftop residential,Solar,Available on market,1489
ERAA 2025 final,2028,SI00,Solar PV rooftop residential,Solar,Available on market,3776
ERAA 2025 final,2028,SI00,Solar PV utility non-tracking,Solar,Available on market,1076
ERAA 2025 final,2028,SK00,Solar PV rooftop industrial,Solar,Available on market,570
ERAA 2025 final,2028,SK00,Solar PV rooftop residential,Solar,Available on market,645
ERAA 2025 final,2028,SK00,Solar PV utility non-tracking,Solar,Available on market,25
ERAA 2025 final,2028,UK00,Solar PV utility non-tracking,Solar,Available on market,28258
ERAA 2025 final,2028,UKNI,Solar PV utility non-tracking,Solar,Available on market,355
ERAA 2025 final,2028,AT00,Battery utility scale,Storage,Available on market,916
ERAA 2025 final,2028,AT00,Electrolyser,Storage,Available on market,673
ERAA 2025 final,2028,AT00,Battery residential,Storage,Out of market – for PV/battery dispatch optimization,2620
ERAA 2025 final,2028,BE00,Battery residential,Storage,Available on market,216
ERAA 2025 final,2028,BE00,Battery utility scale,Storage,Available on market,985
ERAA 2025 final,2028,BE00,Electrolyser,Storage,Available on market,103
ERAA 2025 final,2028,BG00,Battery utility scale,Storage,Available on market,774
ERAA 2025 final,2028,CH00,Electrolyser,Storage,Available on market,191
ERAA 2025 final,2028,CH00,Battery residential,Storage,Out of market – for PV/battery dispatch optimization,2131
ERAA 2025 final,2028,CH00,Battery utility scale,Storage,Out of market - primary purpose ancillary service,105
ERAA 2025 final,2028,CY00,Battery utility scale,Storage,Available on market,160
ERAA 2025 final,2028,CZ00,Battery utility scale,Storage,Available on market,1256
ERAA 2025 final,2028,CZ00,Electrolyser,Storage,Available on market,81
ERAA 2025 final,2028,DE00,Battery residential,Storage,Available on market,681
ERAA 2025 final,2028,DE00,Battery utility scale,Storage,Available on market,14341
ERAA 2025 final,2028,DE00,Electrolyser,Storage,Available on market,5783
ERAA 2025 final,2028,DE00,Hydrogen,Storage,Available on market,47
ERAA 2025 final,2028,DE00,Power to heat,Storage,Available on market,3732
ERAA 2025 final,2028,DE00,Battery residential,Storage,Out of market – for PV/battery dispatch optimization,22009
ERAA 2025 final,2028,DKE1,Battery utility scale,Storage,Available on market,225
ERAA 2025 final,2028,DKE1,Electrolyser,Storage,Available on market,226
ERAA 2025 final,2028,DKE1,Power to heat,Storage,Available on market,1510
ERAA 2025 final,2028,DKW1,Battery utility scale,Storage,Available on market,212
ERAA 2025 final,2028,DKW1,Electrolyser,Storage,Available on market,1752
ERAA 2025 final,2028,DKW1,Power to heat,Storage,Available on market,2730
ERAA 2025 final,2028,EE00,Battery utility scale,Storage,Available on market,258
ERAA 2025 final,2028,ES00,Battery residential,Storage,Available on market,727
ERAA 2025 final,2028,ES00,Battery utility scale,Storage,Available on market,1559
ERAA 2025 final,2028,ES00,Electrolyser,Storage,Available on market,6438
ERAA 2025 final,2028,FI00,Battery utility scale,Storage,Available on market,1911
ERAA 2025 final,2028,FI00,Electrolyser,Storage,Available on market,453
ERAA 2025 final,2028,FI00,Power to heat,Storage,Available on market,3965
ERAA 2025 final,2028,FR00,Electrolyser,Storage,Available on market,1625
ERAA 2025 final,2028,FR00,Battery utility scale,Storage,Out of market - primary purpose ancillary service,1000
ERAA 2025 final,2028,GR00,Battery utility scale,Storage,Available on market,1800
ERAA 2025 final,2028,HR00,Battery utility scale,Storage,Available on market,66
ERAA 2025 final,2028,HU00,Battery utility scale,Storage,Available on market,505
ERAA 2025 final,2028,HU00,Battery residential,Storage,Out of market – for PV/battery dispatch optimization,79
ERAA 2025 final,2028,HU00,Battery utility scale,Storage,Out of market - primary purpose ancillary service,1010
ERAA 2025 final,2028,HU00,Power to heat,Storage,Out of market - primary purpose ancillary service,192
ERAA 2025 final,2028,IE00,Battery utility scale,Storage,Available on market,1078
ERAA 2025 final,2028,ITCA,Battery residential,Storage,Available on market,150
ERAA 2025 final,2028,ITCN,Battery residential,Storage,Available on market,521
ERAA 2025 final,2028,ITCN,Battery utility scale,Storage,Available on market,69
ERAA 2025 final,2028,ITCS,Battery residential,Storage,Available on market,937
ERAA 2025 final,2028,ITCS,Battery utility scale,Storage,Available on market,331
ERAA 2025 final,2028,ITN1,Battery residential,Storage,Available on market,3343
ERAA 2025 final,2028,ITN1,Battery utility scale,Storage,Available on market,1474
ERAA 2025 final,2028,ITS1,Battery residential,Storage,Available on market,323
ERAA 2025 final,2028,ITS1,Battery utility scale,Storage,Available on market,100
ERAA 2025 final,2028,ITSA,Battery residential,Storage,Available on market,189
ERAA 2025 final,2028,ITSA,Battery utility scale,Storage,Available on market,847
ERAA 2025 final,2028,ITSI,Battery residential,Storage,Available on market,362
ERAA 2025 final,2028,ITSI,Battery utility scale,Storage,Available on market,120
ERAA 2025 final,2028,LT00,Battery utility scale,Storage,Available on market,1060
ERAA 2025 final,2028,LT00,Electrolyser,Storage,Available on market,50
ERAA 2025 final,2028,LUG1,Electrolyser,Storage,Available on market,7
ERAA 2025 final,2028,LUG1,Battery residential,Storage,Out of market – for PV/battery dispatch optimization,10
ERAA 2025 final,2028,LV00,Battery utility scale,Storage,Available on market,170
ERAA 2025 final,2028,LV00,Battery utility scale,Storage,Out of market - primary purpose ancillary service,80
ERAA 2025 final,2028,MD00,Battery utility scale,Storage,Out of market - primary purpose ancillary service,10
ERAA 2025 final,2028,MT00,Battery utility scale,Storage,Available on market,40
ERAA 2025 final,2028,NL00,Battery residential,Storage,Available on market,480
ERAA 2025 final,2028,NL00,Battery utility scale,Storage,Available on market,5954
ERAA 2025 final,2028,NL00,Electrolyser,Storage,Available on market,900
ERAA 2025 final,2028,NL00,Power to heat,Storage,Available on market,1639
ERAA 2025 final,2028,NOM1,Electrolyser,Storage,Available on market,17
ERAA 2025 final,2028,NON1,Electrolyser,Storage,Available on market,51
ERAA 2025 final,2028,NOS2,Electrolyser,Storage,Available on market,46
ERAA 2025 final,2028,PL00,Battery utility scale,Storage,Available on market,2113
ERAA 2025 final,2028,PL00,Electrolyser,Storage,Available on market,225
ERAA 2025 final,2028,PT00,Battery utility scale,Storage,Available on market,300
ERAA 2025 final,2028,PT00,Electrolyser,Storage,Available on market,430
ERAA 2025 final,2028,RO00,Battery utility scale,Storage,Available on market,1400
ERAA 2025 final,2028,RO00,Electrolyser,Storage,Available on market,60
ERAA 2025 final,2028,RS00,Battery utility scale,Storage,Available on market,604
ERAA 2025 final,2028,SE01,Battery utility scale,Storage,Available on market,50
ERAA 2025 final,2028,SE01,Electrolyser,Storage,Available on market,975
ERAA 2025 final,2028,SE02,Battery utility scale,Storage,Available on market,50
ERAA 2025 final,2028,SE03,Battery utility scale,Storage,Available on market,50
ERAA 2025 final,2028,SE04,Battery utility scale,Storage,Available on market,50
ERAA 2025 final,2028,SI00,Battery residential,Storage,Available on market,4
ERAA 2025 final,2028,SI00,Battery utility scale,Storage,Available on market,58
ERAA 2025 final,2028,SI00,Electrolyser,Storage,Available on market,5
ERAA 2025 final,2028,SI00,Battery utility scale,Storage,Out of market - primary purpose ancillary service,15
ERAA 2025 final,2028,SK00,Battery residential,Storage,Available on market,70
ERAA 2025 final,2028,SK00,Battery utility scale,Storage,Available on market,160
ERAA 2025 final,2028,SK00,Electrolyser,Storage,Available on market,101
ERAA 2025 final,2028,SK00,Battery utility scale,Storage,Out of market - primary purpose ancillary service,17
ERAA 2025 final,2028,UK00,Battery utility scale,Storage,Available on market,22039
ERAA 2025 final,2028,UK00,Electrolyser,Storage,Available on market,232
ERAA 2025 final,2028,UKNI,Battery utility scale,Storage,Available on market,200
ERAA 2025 final,2028,AT00,Light oil,Thermal,Available on market,122
ERAA 2025 final,2028,AT00,Natural gas,Thermal,Available on market,4537
ERAA 2025 final,2028,BA00,Lignite,Thermal,Available on market,1518
ERAA 2025 final,2028,BE00,Biofuel,Thermal,Available on market,354
ERAA 2025 final,2028,BE00,Hard coal,Thermal,Available on market,0
ERAA 2025 final,2028,BE00,Heavy oil,Thermal,Available on market,140
ERAA 2025 final,2028,BE00,Natural gas,Thermal,Available on market,7030
ERAA 2025 final,2028,BE00,Nuclear,Thermal,Available on market,2056
ERAA 2025 final,2028,BG00,Hard coal,Thermal,Available on market,168
ERAA 2025 final,2028,BG00,Lignite,Thermal,Available on market,2142
ERAA 2025 final,2028,BG00,Natural gas,Thermal,Available on market,1118
ERAA 2025 final,2028,BG00,Nuclear,Thermal,Available on market,2000
ERAA 2025 final,2028,CH00,Biofuel,Thermal,Available on market,97
ERAA 2025 final,2028,CH00,Natural gas,Thermal,Available on market,575
ERAA 2025 final,2028,CH00,Nuclear,Thermal,Available on market,2960
ERAA 2025 final,2028,CY00,Heavy oil,Thermal,Available on market,443
ERAA 2025 final,2028,CY00,Light oil,Thermal,Available on market,150
ERAA 2025 final,2028,CY00,Natural gas,Thermal,Available on market,1133
ERAA 2025 final,2028,CZ00,Lignite,Thermal,Available on market,4034
ERAA 2025 final,2028,CZ00,Natural gas,Thermal,Available on market,2636
ERAA 2025 final,2028,CZ00,Nuclear,Thermal,Available on market,4099
ERAA 2025 final,2028,CZ00,Natural gas,Thermal,Out of market - primary purpose ancillary service,106
ERAA 2025 final,2028,DE00,Hard coal,Thermal,Available on market,6937
ERAA 2025 final,2028,DE00,Heavy oil,Thermal,Available on market,1461
ERAA 2025 final,2028,DE00,Lignite,Thermal,Available on market,13037
ERAA 2025 final,2028,DE00,Natural gas,Thermal,Available on market,38041
ERAA 2025 final,2028,DKE1,Biofuel,Thermal,Available on market,1193
ERAA 2025 final,2028,DKE1,Hard coal,Thermal,Available on market,0
ERAA 2025 final,2028,DKE1,Heavy oil,Thermal,Available on market,32
ERAA 2025 final,2028,DKE1,Light oil,Thermal,Available on market,549
ERAA 2025 final,2028,DKE1,Natural gas,Thermal,Available on market,293
ERAA 2025 final,2028,DKW1,Biofuel,Thermal,Available on market,878
ERAA 2025 final,2028,DKW1,Hard coal,Thermal,Available on market,428
ERAA 2025 final,2028,DKW1,Light oil,Thermal,Available on market,157
ERAA 2025 final,2028,DKW1,Natural gas,Thermal,Available on market,1350
ERAA 2025 final,2028,EE00,Natural gas,Thermal,Available on market,135
ERAA 2025 final,2028,EE00,Shale oil,Thermal,Available on market,464
ERAA 2025 final,2028,ES00,Natural gas,Thermal,Available on market,25121
ERAA 2025 final,2028,ES00,Nuclear,Thermal,Available on market,6106
ERAA 2025 final,2028,ES00,Natural gas,Thermal,Inelastic supply / fixed profile,4273
ERAA 2025 final,2028,FI00,Biofuel,Thermal,Available on market,1308
ERAA 2025 final,2028,FI00,Hard coal,Thermal,Available on market,688
ERAA 2025 final,2028,FI00,Heavy oil,Thermal,Available on market,41
ERAA 2025 final,2028,FI00,Natural gas,Thermal,Available on market,1265
ERAA 2025 final,2028,FI00,Nuclear,Thermal,Available on market,4572
ERAA 2025 final,2028,FI00,Natural gas,Thermal,Mothballed,45
ERAA 2025 final,2028,FR00,Light oil,Thermal,Available on market,1331
ERAA 2025 final,2028,FR00,Natural gas,Thermal,Available on market,12299
ERAA 2025 final,2028,FR00,Nuclear,Thermal,Available on market,63020
ERAA 2025 final,2028,GR00,Lignite,Thermal,Available on market,616
ERAA 2025 final,2028,GR00,Natural gas,Thermal,Available on market,7892
ERAA 2025 final,2028,GR03,Light oil,Thermal,Available on market,144
ERAA 2025 final,2028,HR00,Hard coal,Thermal,Available on market,290
ERAA 2025 final,2028,HR00,Heavy oil,Thermal,Available on market,303
ERAA 2025 final,2028,HR00,Natural gas,Thermal,Available on market,1674
ERAA 2025 final,2028,HU00,Biofuel,Thermal,Available on market,202
ERAA 2025 final,2028,HU00,Hard coal,Thermal,Available on market,71
ERAA 2025 final,2028,HU00,Light oil,Thermal,Available on market,495
ERAA 2025 final,2028,HU00,Lignite,Thermal,Available on market,206
ERAA 2025 final,2028,HU00,Natural gas,Thermal,Available on market,3294
ERAA 2025 final,2028,HU00,Nuclear,Thermal,Available on market,1917
ERAA 2025 final,2028,IE00,Biofuel,Thermal,Available on market,118
ERAA 2025 final,2028,IE00,Light oil,Thermal,Available on market,208
ERAA 2025 final,2028,IE00,Lignite,Thermal,Available on market,0
ERAA 2025 final,2028,IE00,Natural gas,Thermal,Available on market,5776
ERAA 2025 final,2028,ITCA,Natural gas,Thermal,Available on market,3524
ERAA 2025 final,2028,ITCN,Light oil,Thermal,Available on market,23
ERAA 2025 final,2028,ITCN,Natural gas,Thermal,Available on market,2016
ERAA 2025 final,2028,ITCS,Light oil,Thermal,Available on market,96
ERAA 2025 final,2028,ITCS,Natural gas,Thermal,Available on market,7198
ERAA 2025 final,2028,ITN1,Light oil,Thermal,Available on market,15
ERAA 2025 final,2028,ITN1,Natural gas,Thermal,Available on market,27887
ERAA 2025 final,2028,ITS1,Natural gas,Thermal,Available on market,5144
ERAA 2025 final,2028,ITSA,Hard coal,Thermal,Available on market,267
ERAA 2025 final,2028,ITSA,Light oil,Thermal,Available on market,65
ERAA 2025 final,2028,ITSA,Natural gas,Thermal,Available on market,51
ERAA 2025 final,2028,ITSI,Natural gas,Thermal,Available on market,3668
ERAA 2025 final,2028,LT00,Natural gas,Thermal,Available on market,719
ERAA 2025 final,2028,LT00,Natural gas,Thermal,Mothballed,53
ERAA 2025 final,2028,LUG1,Natural gas,Thermal,Available on market,13
ERAA 2025 final,2028,LV00,Natural gas,Thermal,Available on market,1051
ERAA 2025 final,2028,MD00,Hard coal,Thermal,Available on market,550
ERAA 2025 final,2028,MD00,Natural gas,Thermal,Available on market,780
ERAA 2025 final,2028,MD00,Natural gas,Thermal,Inelastic supply / fixed profile,409
ERAA 2025 final,2028,ME00,Lignite,Thermal,Available on market,225
ERAA 2025 final,2028,MK00,Lignite,Thermal,Available on market,300
ERAA 2025 final,2028,MK00,Natural gas,Thermal,Available on market,510
ERAA 2025 final,2028,MT00,Natural gas,Thermal,Available on market,355
ERAA 2025 final,2028,MT00,Light oil,Thermal,Out of market - primary purpose resource adequacy (approved and contracted),175
ERAA 2025 final,2028,NL00,Biofuel,Thermal,Available on market,631
ERAA 2025 final,2028,NL00,Hard coal,Thermal,Available on market,3381
ERAA 2025 final,2028,NL00,Natural gas,Thermal,Available on market,16387
ERAA 2025 final,2028,NL00,Nuclear,Thermal,Available on market,486
ERAA 2025 final,2028,NOS2,Natural gas,Thermal,Available on market,14
ERAA 2025 final,2028,NOS3,Natural gas,Thermal,Available on market,7
ERAA 2025 final,2028,PL00,Hard coal,Thermal,Available on market,14097
ERAA 2025 final,2028,PL00,Lignite,Thermal,Available on market,6510
ERAA 2025 final,2028,PL00,Natural gas,Thermal,Available on market,9152
ERAA 2025 final,2028,PT00,Natural gas,Thermal,Available on market,3829
ERAA 2025 final,2028,PT00,Natural gas,Thermal,Inelastic supply / fixed profile,782
ERAA 2025 final,2028,RO00,Hard coal,Thermal,Available on market,135
ERAA 2025 final,2028,RO00,Lignite,Thermal,Available on market,854
ERAA 2025 final,2028,RO00,Natural gas,Thermal,Available on market,4190
ERAA 2025 final,2028,RO00,Nuclear,Thermal,Available on market,650
ERAA 2025 final,2028,RS00,Lignite,Thermal,Available on market,4654
ERAA 2025 final,2028,RS00,Natural gas,Thermal,Available on market,401
ERAA 2025 final,2028,SE01,Natural gas,Thermal,Available on market,97
ERAA 2025 final,2028,SE03,Light oil,Thermal,Available on market,142
ERAA 2025 final,2028,SE03,Natural gas,Thermal,Available on market,234
ERAA 2025 final,2028,SE03,Nuclear,Thermal,Available on market,6981
ERAA 2025 final,2028,SE04,Natural gas,Thermal,Available on market,436
ERAA 2025 final,2028,SI00,Hard coal,Thermal,Available on market,84
ERAA 2025 final,2028,SI00,Lignite,Thermal,Available on market,844
ERAA 2025 final,2028,SI00,Natural gas,Thermal,Available on market,772
ERAA 2025 final,2028,SI00,Nuclear,Thermal,Available on market,700
ERAA 2025 final,2028,SI00,Natural gas,Thermal,Mothballed,58
ERAA 2025 final,2028,SK00,Biofuel,Thermal,Available on market,19
ERAA 2025 final,2028,SK00,Hard coal,Thermal,Available on market,291
ERAA 2025 final,2028,SK00,Heavy oil,Thermal,Available on market,133
ERAA 2025 final,2028,SK00,Lignite,Thermal,Available on market,66
ERAA 2025 final,2028,SK00,Natural gas,Thermal,Available on market,837
ERAA 2025 final,2028,SK00,Nuclear,Thermal,Available on market,2776
ERAA 2025 final,2028,SK00,Natural gas,Thermal,Inelastic supply / fixed profile,117
ERAA 2025 final,2028,SK00,Light oil,Thermal,Out of market - primary purpose ancillary service,109
ERAA 2025 final,2028,SK00,Natural gas,Thermal,Out of market - primary purpose ancillary service,206
ERAA 2025 final,2028,UK00,Heavy oil,Thermal,Available on market,705
ERAA 2025 final,2028,UK00,Natural gas,Thermal,Available on market,45265
ERAA 2025 final,2028,UK00,Nuclear,Thermal,Available on market,3710
ERAA 2025 final,2028,UKNI,Biofuel,Thermal,Available on market,18
ERAA 2025 final,2028,UKNI,Light oil,Thermal,Available on market,390
ERAA 2025 final,2028,UKNI,Lignite,Thermal,Available on market,0
ERAA 2025 final,2028,UKNI,Natural gas,Thermal,Available on market,1777
ERAA 2025 final,2028,AL00,Wind onshore,Wind,Available on market,300
ERAA 2025 final,2028,AT00,Wind onshore,Wind,Available on market,6680
ERAA 2025 final,2028,BA00,Wind onshore,Wind,Available on market,1047
ERAA 2025 final,2028,BE00,Wind offshore fixed,Wind,Available on market,2260
ERAA 2025 final,2028,BE00,Wind onshore,Wind,Available on market,4715
ERAA 2025 final,2028,BG00,Wind onshore,Wind,Available on market,1474
ERAA 2025 final,2028,CH00,Wind onshore,Wind,Available on market,252
ERAA 2025 final,2028,CY00,Wind onshore,Wind,Available on market,170
ERAA 2025 final,2028,CZ00,Wind onshore,Wind,Available on market,1135
ERAA 2025 final,2028,DE00,Wind offshore fixed,Wind,Available on market,15089
ERAA 2025 final,2028,DE00,Wind onshore,Wind,Available on market,79851
ERAA 2025 final,2028,DEKF_OFF,Wind offshore fixed,Wind,Available on market,336
ERAA 2025 final,2028,DKE1,Wind offshore fixed,Wind,Available on market,423
ERAA 2025 final,2028,DKE1,Wind onshore,Wind,Available on market,744
ERAA 2025 final,2028,DKKF_OFF,Wind offshore fixed,Wind,Available on market,605
ERAA 2025 final,2028,DKW1,Wind offshore fixed,Wind,Available on market,2635
ERAA 2025 final,2028,DKW1,Wind onshore,Wind,Available on market,4877
ERAA 2025 final,2028,EE00,Wind onshore,Wind,Available on market,1362
ERAA 2025 final,2028,ES00,Wind offshore floating,Wind,Available on market,100
ERAA 2025 final,2028,ES00,Wind onshore,Wind,Available on market,36432
ERAA 2025 final,2028,FI00,Wind onshore,Wind,Available on market,12841
ERAA 2025 final,2028,FR00,Wind offshore fixed,Wind,Available on market,2930
ERAA 2025 final,2028,FR00,Wind offshore floating,Wind,Available on market,85
ERAA 2025 final,2028,FR00,Wind onshore,Wind,Available on market,27650
ERAA 2025 final,2028,GR00,Wind onshore,Wind,Available on market,7004
ERAA 2025 final,2028,GR03,Wind onshore,Wind,Available on market,533
ERAA 2025 final,2028,HR00,Wind onshore,Wind,Available on market,1424
ERAA 2025 final,2028,HU00,Wind onshore,Wind,Available on market,345
ERAA 2025 final,2028,IE00,Wind offshore fixed,Wind,Available on market,25
ERAA 2025 final,2028,IE00,Wind onshore,Wind,Available on market,6441
ERAA 2025 final,2028,ITCA,Wind onshore,Wind,Available on market,1755
ERAA 2025 final,2028,ITCN,Wind onshore,Wind,Available on market,216
ERAA 2025 final,2028,ITCS,Wind onshore,Wind,Available on market,3776
ERAA 2025 final,2028,ITN1,Wind onshore,Wind,Available on market,318
ERAA 2025 final,2028,ITS1,Wind offshore fixed,Wind,Available on market,30
ERAA 2025 final,2028,ITS1,Wind onshore,Wind,Available on market,7844
ERAA 2025 final,2028,ITSA,Wind onshore,Wind,Available on market,1772
ERAA 2025 final,2028,ITSI,Wind onshore,Wind,Available on market,3481
ERAA 2025 final,2028,LT00,Wind onshore,Wind,Available on market,4015
ERAA 2025 final,2028,LUG1,Wind onshore,Wind,Available on market,396
ERAA 2025 final,2028,LV00,Wind onshore,Wind,Available on market,452
ERAA 2025 final,2028,MD00,Wind onshore,Wind,Available on market,493
ERAA 2025 final,2028,ME00,Wind onshore,Wind,Available on market,195
ERAA 2025 final,2028,MK00,Wind onshore,Wind,Available on market,117
ERAA 2025 final,2028,NL00,Wind offshore fixed,Wind,Available on market,6295
ERAA 2025 final,2028,NL00,Wind onshore,Wind,Available on market,7727
ERAA 2025 final,2028,NOM1,Wind onshore,Wind,Available on market,2111
ERAA 2025 final,2028,NON1,Wind onshore,Wind,Available on market,1160
ERAA 2025 final,2028,NOS1,Wind onshore,Wind,Available on market,406
ERAA 2025 final,2028,NOS2,Wind onshore,Wind,Available on market,1273
ERAA 2025 final,2028,NOS3,Wind onshore,Wind,Available on market,160
ERAA 2025 final,2028,PL00,Wind offshore fixed,Wind,Available on market,3037
ERAA 2025 final,2028,PL00,Wind onshore,Wind,Available on market,16314
ERAA 2025 final,2028,PT00,Wind offshore floating,Wind,Available on market,43
ERAA 2025 final,2028,PT00,Wind onshore,Wind,Available on market,6864
ERAA 2025 final,2028,RO00,Wind onshore,Wind,Available on market,7385
ERAA 2025 final,2028,RS00,Wind onshore,Wind,Available on market,6138
ERAA 2025 final,2028,SE01,Wind onshore,Wind,Available on market,4065
ERAA 2025 final,2028,SE02,Wind onshore,Wind,Available on market,7953
ERAA 2025 final,2028,SE03,Wind offshore fixed,Wind,Available on market,32
ERAA 2025 final,2028,SE03,Wind onshore,Wind,Available on market,4580
ERAA 2025 final,2028,SE04,Wind offshore fixed,Wind,Available on market,330
ERAA 2025 final,2028,SE04,Wind onshore,Wind,Available on market,2415
ERAA 2025 final,2028,SI00,Wind onshore,Wind,Available on market,60
ERAA 2025 final,2028,SK00,Wind onshore,Wind,Available on market,420
ERAA 2025 final,2028,UK00,Wind offshore fixed,Wind,Available on market,28639
ERAA 2025 final,2028,UK00,Wind offshore floating,Wind,Available on market,100
ERAA 2025 final,2028,UK00,Wind onshore,Wind,Available on market,20896
ERAA 2025 final,2028,UKNI,Wind onshore,Wind,Available on market,1635
ERAA 2025 final,2030,AL00,EV - iDSR,DSR,Available on market,0
ERAA 2025 final,2030,AL00,HP - iDSR,DSR,Available on market,0
ERAA 2025 final,2030,AT00,DSR,DSR,Available on market,600
ERAA 2025 final,2030,AT00,EV - iDSR,DSR,Available on market,0
ERAA 2025 final,2030,AT00,HP - iDSR,DSR,Available on market,0
ERAA 2025 final,2030,BA00,EV - iDSR,DSR,Available on market,0
ERAA 2025 final,2030,BA00,HP - iDSR,DSR,Available on market,0
ERAA 2025 final,2030,BE00,DSR,DSR,Available on market,2355
ERAA 2025 final,2030,BE00,EV - iDSR,DSR,Available on market,105
ERAA 2025 final,2030,BE00,HP - iDSR,DSR,Available on market,34
ERAA 2025 final,2030,BG00,EV - iDSR,DSR,Available on market,0
ERAA 2025 final,2030,BG00,HP - iDSR,DSR,Available on market,0
ERAA 2025 final,2030,CH00,EV - iDSR,DSR,Available on market,554
ERAA 2025 final,2030,CH00,HP - iDSR,DSR,Available on market,8685
ERAA 2025 final,2030,CY00,EV - iDSR,DSR,Available on market,0
ERAA 2025 final,2030,CY00,HP - iDSR,DSR,Available on market,0
ERAA 2025 final,2030,CZ00,DSR,DSR,Available on market,150
ERAA 2025 final,2030,CZ00,EV - iDSR,DSR,Available on market,0
ERAA 2025 final,2030,CZ00,HP - iDSR,DSR,Available on market,0
ERAA 2025 final,2030,DE00,DSR,DSR,Available on market,979
ERAA 2025 final,2030,DE00,EV - iDSR,DSR,Available on market,8766
ERAA 2025 final,2030,DE00,HP - iDSR,DSR,Available on market,204
ERAA 2025 final,2030,DKE1,EV - iDSR,DSR,Available on market,0
ERAA 2025 final,2030,DKE1,HP - iDSR,DSR,Available on market,0
ERAA 2025 final,2030,DKW1,EV - iDSR,DSR,Available on market,0
ERAA 2025 final,2030,DKW1,HP - iDSR,DSR,Available on market,0
ERAA 2025 final,2030,EE00,DSR,DSR,Available on market,198
ERAA 2025 final,2030,EE00,EV - iDSR,DSR,Available on market,0
ERAA 2025 final,2030,EE00,HP - iDSR,DSR,Available on market,0
ERAA 2025 final,2030,ES00,EV - iDSR,DSR,Available on market,0
ERAA 2025 final,2030,ES00,HP - iDSR,DSR,Available on market,0
ERAA 2025 final,2030,ES00,DSR,DSR,Out of market - primary purpose ancillary service,1148
ERAA 2025 final,2030,FI00,DSR,DSR,Available on market,1679
ERAA 2025 final,2030,FI00,EV - iDSR,DSR,Available on market,2825
ERAA 2025 final,2030,FI00,HP - iDSR,DSR,Available on market,414
ERAA 2025 final,2030,FR00,DSR,DSR,Available on market,5675
ERAA 2025 final,2030,FR00,EV - iDSR,DSR,Available on market,103
ERAA 2025 final,2030,FR00,HP - iDSR,DSR,Available on market,0
ERAA 2025 final,2030,GR00,DSR,DSR,Available on market,220
ERAA 2025 final,2030,GR00,EV - iDSR,DSR,Available on market,0
ERAA 2025 final,2030,GR00,HP - iDSR,DSR,Available on market,0
ERAA 2025 final,2030,GR03,EV - iDSR,DSR,Available on market,0
ERAA 2025 final,2030,GR03,HP - iDSR,DSR,Available on market,0
ERAA 2025 final,2030,HR00,DSR,DSR,Available on market,87
ERAA 2025 final,2030,HR00,EV - iDSR,DSR,Available on market,0
ERAA 2025 final,2030,HR00,HP - iDSR,DSR,Available on market,0
ERAA 2025 final,2030,HU00,EV - iDSR,DSR,Available on market,0
ERAA 2025 final,2030,HU00,HP - iDSR,DSR,Available on market,0
ERAA 2025 final,2030,IE00,DSR,DSR,Available on market,860
ERAA 2025 final,2030,IE00,EV - iDSR,DSR,Available on market,0
ERAA 2025 final,2030,IE00,HP - iDSR,DSR,Available on market,0
ERAA 2025 final,2030,ITCA,DSR,DSR,Available on market,37
ERAA 2025 final,2030,ITCA,EV - iDSR,DSR,Available on market,0
ERAA 2025 final,2030,ITCA,HP - iDSR,DSR,Available on market,0
ERAA 2025 final,2030,ITCN,DSR,DSR,Available on market,189
ERAA 2025 final,2030,ITCN,EV - iDSR,DSR,Available on market,0
ERAA 2025 final,2030,ITCN,HP - iDSR,DSR,Available on market,0
ERAA 2025 final,2030,ITCS,DSR,DSR,Available on market,192
ERAA 2025 final,2030,ITCS,EV - iDSR,DSR,Available on market,0
ERAA 2025 final,2030,ITCS,HP - iDSR,DSR,Available on market,0
ERAA 2025 final,2030,ITN1,DSR,DSR,Available on market,1429
ERAA 2025 final,2030,ITN1,EV - iDSR,DSR,Available on market,0
ERAA 2025 final,2030,ITN1,HP - iDSR,DSR,Available on market,0
ERAA 2025 final,2030,ITS1,DSR,DSR,Available on market,100
ERAA 2025 final,2030,ITS1,EV - iDSR,DSR,Available on market,0
ERAA 2025 final,2030,ITS1,HP - iDSR,DSR,Available on market,0
ERAA 2025 final,2030,ITSA,DSR,DSR,Available on market,10
ERAA 2025 final,2030,ITSA,EV - iDSR,DSR,Available on market,0
ERAA 2025 final,2030,ITSA,HP - iDSR,DSR,Available on market,0
ERAA 2025 final,2030,ITSI,DSR,DSR,Available on market,44
ERAA 2025 final,2030,ITSI,EV - iDSR,DSR,Available on market,0
ERAA 2025 final,2030,ITSI,HP - iDSR,DSR,Available on market,0
ERAA 2025 final,2030,LT00,DSR,DSR,Available on market,40
ERAA 2025 final,2030,LT00,EV - iDSR,DSR,Available on market,0
ERAA 2025 final,2030,LT00,HP - iDSR,DSR,Available on market,0
ERAA 2025 final,2030,LUG1,EV - iDSR,DSR,Available on market,0
ERAA 2025 final,2030,LUG1,HP - iDSR,DSR,Available on market,0
ERAA 2025 final,2030,LV00,DSR,DSR,Available on market,150
ERAA 2025 final,2030,LV00,EV - iDSR,DSR,Available on market,0
ERAA 2025 final,2030,LV00,HP - iDSR,DSR,Available on market,0
ERAA 2025 final,2030,MD00,EV - iDSR,DSR,Available on market,39
ERAA 2025 final,2030,MD00,HP - iDSR,DSR,Available on market,0
ERAA 2025 final,2030,ME00,EV - iDSR,DSR,Available on market,0
ERAA 2025 final,2030,ME00,HP - iDSR,DSR,Available on market,0
ERAA 2025 final,2030,MK00,EV - iDSR,DSR,Available on market,0
ERAA 2025 final,2030,MK00,HP - iDSR,DSR,Available on market,0
ERAA 2025 final,2030,MT00,EV - iDSR,DSR,Available on market,0
ERAA 2025 final,2030,MT00,HP - iDSR,DSR,Available on market,0
ERAA 2025 final,2030,NL00,DSR,DSR,Available on market,1105
ERAA 2025 final,2030,NL00,EV - iDSR,DSR,Available on market,0
ERAA 2025 final,2030,NL00,HP - iDSR,DSR,Available on market,0
ERAA 2025 final,2030,NOM1,EV - iDSR,DSR,Available on market,0
ERAA 2025 final,2030,NOM1,HP - iDSR,DSR,Available on market,0
ERAA 2025 final,2030,NON1,EV - iDSR,DSR,Available on market,0
ERAA 2025 final,2030,NON1,HP - iDSR,DSR,Available on market,0
ERAA 2025 final,2030,NOS1,EV - iDSR,DSR,Available on market,0
ERAA 2025 final,2030,NOS1,HP - iDSR,DSR,Available on market,0
ERAA 2025 final,2030,NOS2,EV - iDSR,DSR,Available on market,0
ERAA 2025 final,2030,NOS2,HP - iDSR,DSR,Available on market,0
ERAA 2025 final,2030,NOS3,EV - iDSR,DSR,Available on market,0
ERAA 2025 final,2030,NOS3,HP - iDSR,DSR,Available on market,0
ERAA 2025 final,2030,PL00,EV - iDSR,DSR,Available on market,0
ERAA 2025 final,2030,PL00,HP - iDSR,DSR,Available on market,0
ERAA 2025 final,2030,PT00,EV - iDSR,DSR,Available on market,0
ERAA 2025 final,2030,PT00,HP - iDSR,DSR,Available on market,0
ERAA 2025 final,2030,RO00,EV - iDSR,DSR,Available on market,0
ERAA 2025 final,2030,RO00,HP - iDSR,DSR,Available on market,0
ERAA 2025 final,2030,RS00,EV - iDSR,DSR,Available on market,0
ERAA 2025 final,2030,RS00,HP - iDSR,DSR,Available on market,0
ERAA 2025 final,2030,SE01,DSR,DSR,Available on market,194
ERAA 2025 final,2030,SE01,EV - iDSR,DSR,Available on market,0
ERAA 2025 final,2030,SE01,HP - iDSR,DSR,Available on market,0
ERAA 2025 final,2030,SE02,DSR,DSR,Available on market,274
ERAA 2025 final,2030,SE02,EV - iDSR,DSR,Available on market,0
ERAA 2025 final,2030,SE02,HP - iDSR,DSR,Available on market,0
ERAA 2025 final,2030,SE03,DSR,DSR,Available on market,1423
ERAA 2025 final,2030,SE03,EV - iDSR,DSR,Available on market,0
ERAA 2025 final,2030,SE03,HP - iDSR,DSR,Available on market,0
ERAA 2025 final,2030,SE04,DSR,DSR,Available on market,396
ERAA 2025 final,2030,SE04,EV - iDSR,DSR,Available on market,0
ERAA 2025 final,2030,SE04,HP - iDSR,DSR,Available on market,0
ERAA 2025 final,2030,SI00,DSR,DSR,Available on market,30
ERAA 2025 final,2030,SI00,EV - iDSR,DSR,Available on market,0
ERAA 2025 final,2030,SI00,HP - iDSR,DSR,Available on market,0
ERAA 2025 final,2030,SK00,EV - iDSR,DSR,Available on market,0
ERAA 2025 final,2030,SK00,HP - iDSR,DSR,Available on market,0
ERAA 2025 final,2030,UK00,DSR,DSR,Available on market,6726
ERAA 2025 final,2030,UK00,EV - iDSR,DSR,Available on market,0
ERAA 2025 final,2030,UK00,HP - iDSR,DSR,Available on market,0
ERAA 2025 final,2030,UKNI,DSR,DSR,Available on market,170
ERAA 2025 final,2030,UKNI,EV - iDSR,DSR,Available on market,0
ERAA 2025 final,2030,UKNI,HP - iDSR,DSR,Available on market,0
ERAA 2025 final,2030,AL00,Reservoir,Hydro,Available on market,2032
ERAA 2025 final,2030,AL00,Run of river,Hydro,Available on market,535
ERAA 2025 final,2030,AT00,Closed loop pumping,Hydro,Available on market,300
ERAA 2025 final,2030,AT00,Open loop pumping,Hydro,Available on market,5772
ERAA 2025 final,2030,AT00,Pondage,Hydro,Available on market,1150
ERAA 2025 final,2030,AT00,Reservoir,Hydro,Available on market,2559
ERAA 2025 final,2030,AT00,Run of river,Hydro,Available on market,5218
ERAA 2025 final,2030,BA00,Open loop pumping,Hydro,Available on market,440
ERAA 2025 final,2030,BA00,Pondage,Hydro,Available on market,228
ERAA 2025 final,2030,BA00,Reservoir,Hydro,Available on market,1616
ERAA 2025 final,2030,BA00,Run of river,Hydro,Available on market,32
ERAA 2025 final,2030,BE00,Closed loop pumping,Hydro,Available on market,1305
ERAA 2025 final,2030,BE00,Run of river,Hydro,Available on market,148
ERAA 2025 final,2030,BG00,Closed loop pumping,Hydro,Available on market,864
ERAA 2025 final,2030,BG00,Open loop pumping,Hydro,Available on market,535
ERAA 2025 final,2030,BG00,Reservoir,Hydro,Available on market,1281
ERAA 2025 final,2030,BG00,Run of river,Hydro,Available on market,536
ERAA 2025 final,2030,CH00,Closed loop pumping,Hydro,Available on market,1900
ERAA 2025 final,2030,CH00,Open loop pumping,Hydro,Available on market,2460
ERAA 2025 final,2030,CH00,Reservoir,Hydro,Available on market,8530
ERAA 2025 final,2030,CH00,Run of river,Hydro,Available on market,4215
ERAA 2025 final,2030,CZ00,Closed loop pumping,Hydro,Available on market,678
ERAA 2025 final,2030,CZ00,Open loop pumping,Hydro,Available on market,562
ERAA 2025 final,2030,CZ00,Reservoir,Hydro,Available on market,519
ERAA 2025 final,2030,CZ00,Run of river,Hydro,Available on market,415
ERAA 2025 final,2030,DE00,Closed loop pumping,Hydro,Available on market,6741
ERAA 2025 final,2030,DE00,Open loop pumping,Hydro,Available on market,2232
ERAA 2025 final,2030,DE00,Reservoir,Hydro,Available on market,1008
ERAA 2025 final,2030,DE00,Run of river,Hydro,Available on market,3934
ERAA 2025 final,2030,ES00,Closed loop pumping,Hydro,Available on market,4011
ERAA 2025 final,2030,ES00,Open loop pumping,Hydro,Available on market,3157
ERAA 2025 final,2030,ES00,Reservoir,Hydro,Available on market,11536
ERAA 2025 final,2030,ES00,Run of river,Hydro,Available on market,3118
ERAA 2025 final,2030,FI00,Reservoir,Hydro,Available on market,3237
ERAA 2025 final,2030,FR00,Closed loop pumping,Hydro,Available on market,1395
ERAA 2025 final,2030,FR00,Open loop pumping,Hydro,Available on market,2305
ERAA 2025 final,2030,FR00,Reservoir,Hydro,Available on market,9849
ERAA 2025 final,2030,FR00,Run of river,Hydro,Available on market,11600
ERAA 2025 final,2030,GR00,Closed loop pumping,Hydro,Available on market,680
ERAA 2025 final,2030,GR00,Open loop pumping,Hydro,Available on market,699
ERAA 2025 final,2030,GR00,Pondage,Hydro,Available on market,22
ERAA 2025 final,2030,GR00,Reservoir,Hydro,Available on market,2757
ERAA 2025 final,2030,GR00,Run of river,Hydro,Available on market,326
ERAA 2025 final,2030,HR00,Open loop pumping,Hydro,Available on market,282
ERAA 2025 final,2030,HR00,Pondage,Hydro,Available on market,313
ERAA 2025 final,2030,HR00,Reservoir,Hydro,Available on market,1423
ERAA 2025 final,2030,HR00,Run of river,Hydro,Available on market,65
ERAA 2025 final,2030,HU00,Run of river,Hydro,Available on market,63
ERAA 2025 final,2030,IE00,Closed loop pumping,Hydro,Available on market,292
ERAA 2025 final,2030,IE00,Run of river,Hydro,Available on market,215
ERAA 2025 final,2030,ITCA,Reservoir,Hydro,Available on market,699
ERAA 2025 final,2030,ITCA,Run of river,Hydro,Available on market,118
ERAA 2025 final,2030,ITCN,Reservoir,Hydro,Available on market,374
ERAA 2025 final,2030,ITCN,Run of river,Hydro,Available on market,308
ERAA 2025 final,2030,ITCS,Closed loop pumping,Hydro,Available on market,985
ERAA 2025 final,2030,ITCS,Open loop pumping,Hydro,Available on market,742
ERAA 2025 final,2030,ITCS,Reservoir,Hydro,Available on market,961
ERAA 2025 final,2030,ITCS,Run of river,Hydro,Available on market,680
ERAA 2025 final,2030,ITN1,Closed loop pumping,Hydro,Available on market,2380
ERAA 2025 final,2030,ITN1,Open loop pumping,Hydro,Available on market,2755
ERAA 2025 final,2030,ITN1,Reservoir,Hydro,Available on market,6075
ERAA 2025 final,2030,ITN1,Run of river,Hydro,Available on market,5663
ERAA 2025 final,2030,ITS1,Reservoir,Hydro,Available on market,230
ERAA 2025 final,2030,ITSA,Closed loop pumping,Hydro,Available on market,240
ERAA 2025 final,2030,ITSA,Reservoir,Hydro,Available on market,142
ERAA 2025 final,2030,ITSA,Run of river,Hydro,Available on market,77
ERAA 2025 final,2030,ITSI,Closed loop pumping,Hydro,Available on market,500
ERAA 2025 final,2030,ITSI,Open loop pumping,Hydro,Available on market,80
ERAA 2025 final,2030,ITSI,Reservoir,Hydro,Available on market,37
ERAA 2025 final,2030,ITSI,Run of river,Hydro,Available on market,92
ERAA 2025 final,2030,LT00,Closed loop pumping,Hydro,Available on market,938
ERAA 2025 final,2030,LT00,Run of river,Hydro,Available on market,127
ERAA 2025 final,2030,LUG1,Run of river,Hydro,Available on market,27
ERAA 2025 final,2030,LUV1,Closed loop pumping,Hydro,Available on market,1300
ERAA 2025 final,2030,LV00,Pondage,Hydro,Available on market,1592
ERAA 2025 final,2030,MD00,Run of river,Hydro,Available on market,17
ERAA 2025 final,2030,MD00,Run of river,Hydro,Inelastic supply / fixed profile,48
ERAA 2025 final,2030,ME00,Reservoir,Hydro,Available on market,706
ERAA 2025 final,2030,ME00,Run of river,Hydro,Available on market,581
ERAA 2025 final,2030,MK00,Reservoir,Hydro,Available on market,539
ERAA 2025 final,2030,MK00,Run of river,Hydro,Available on market,231
ERAA 2025 final,2030,NL00,Run of river,Hydro,Available on market,37
ERAA 2025 final,2030,NOM1,Open loop pumping,Hydro,Available on market,66
ERAA 2025 final,2030,NOM1,Reservoir,Hydro,Available on market,3188
ERAA 2025 final,2030,NOM1,Run of river,Hydro,Available on market,1038
ERAA 2025 final,2030,NON1,Reservoir,Hydro,Available on market,4724
ERAA 2025 final,2030,NON1,Run of river,Hydro,Available on market,683
ERAA 2025 final,2030,NOS1,Reservoir,Hydro,Available on market,5106
ERAA 2025 final,2030,NOS1,Run of river,Hydro,Available on market,3079
ERAA 2025 final,2030,NOS2,Open loop pumping,Hydro,Available on market,249
ERAA 2025 final,2030,NOS2,Reservoir,Hydro,Available on market,7880
ERAA 2025 final,2030,NOS2,Run of river,Hydro,Available on market,1510
ERAA 2025 final,2030,NOS3,Open loop pumping,Hydro,Available on market,419
ERAA 2025 final,2030,NOS3,Reservoir,Hydro,Available on market,5490
ERAA 2025 final,2030,NOS3,Run of river,Hydro,Available on market,682
ERAA 2025 final,2030,PL00,Closed loop pumping,Hydro,Available on market,1279
ERAA 2025 final,2030,PL00,Open loop pumping,Hydro,Available on market,118
ERAA 2025 final,2030,PL00,Reservoir,Hydro,Available on market,425
ERAA 2025 final,2030,PL00,Run of river,Hydro,Available on market,524
ERAA 2025 final,2030,PT00,Open loop pumping,Hydro,Available on market,4469
ERAA 2025 final,2030,PT00,Pondage,Hydro,Available on market,280
ERAA 2025 final,2030,PT00,Reservoir,Hydro,Available on market,3136
ERAA 2025 final,2030,PT00,Run of river,Hydro,Available on market,508
ERAA 2025 final,2030,PT00,Marine,Hydro,Inelastic supply / fixed profile,181
ERAA 2025 final,2030,RO00,Reservoir,Hydro,Available on market,2312
ERAA 2025 final,2030,RO00,Run of river,Hydro,Available on market,3846
ERAA 2025 final,2030,RO00,Run of river,Hydro,Mothballed,16
ERAA 2025 final,2030,RS00,Closed loop pumping,Hydro,Available on market,614
ERAA 2025 final,2030,RS00,Reservoir,Hydro,Available on market,435
ERAA 2025 final,2030,RS00,Run of river,Hydro,Available on market,2024
ERAA 2025 final,2030,SE01,Reservoir,Hydro,Available on market,5444
ERAA 2025 final,2030,SE02,Reservoir,Hydro,Available on market,7650
ERAA 2025 final,2030,SE03,Reservoir,Hydro,Available on market,2286
ERAA 2025 final,2030,SE04,Reservoir,Hydro,Available on market,237
ERAA 2025 final,2030,SI00,Pondage,Hydro,Available on market,1029
ERAA 2025 final,2030,SI00,Run of river,Hydro,Available on market,137
ERAA 2025 final,2030,SK00,Closed loop pumping,Hydro,Available on market,685
ERAA 2025 final,2030,SK00,Open loop pumping,Hydro,Available on market,276
ERAA 2025 final,2030,SK00,Pondage,Hydro,Available on market,203
ERAA 2025 final,2030,SK00,Reservoir,Hydro,Available on market,21
ERAA 2025 final,2030,SK00,Run of river,Hydro,Available on market,1423
ERAA 2025 final,2030,UK00,Closed loop pumping,Hydro,Available on market,3566
ERAA 2025 final,2030,UK00,Marine,Hydro,Available on market,337
ERAA 2025 final,2030,UK00,Run of river,Hydro,Available on market,1951
ERAA 2025 final,2030,UKNI,Run of river,Hydro,Available on market,6
ERAA 2025 final,2030,AT00,Small biomass,Others RES,Available on market,659
ERAA 2025 final,2030,AT00,Waste,Others RES,Available on market,108
ERAA 2025 final,2030,BE00,Small biomass,Others RES,Available on market,567
ERAA 2025 final,2030,BE00,Waste,Others RES,Available on market,30
ERAA 2025 final,2030,BG00,Small biomass,Others RES,Available on market,123
ERAA 2025 final,2030,CH00,Geothermal,Others RES,Available on market,7
ERAA 2025 final,2030,CH00,Small biomass,Others RES,Available on market,69
ERAA 2025 final,2030,CH00,Waste,Others RES,Available on market,228
ERAA 2025 final,2030,CY00,Waste,Others RES,Available on market,27
ERAA 2025 final,2030,CZ00,Small biomass,Others RES,Available on market,1018
ERAA 2025 final,2030,CZ00,Waste,Others RES,Available on market,280
ERAA 2025 final,2030,DE00,Small biomass,Others RES,Inelastic supply / fixed profile,10900
ERAA 2025 final,2030,DE00,Waste,Others RES,Inelastic supply / fixed profile,1938
ERAA 2025 final,2030,EE00,Small biomass,Others RES,Available on market,152
ERAA 2025 final,2030,EE00,Waste,Others RES,Available on market,17
ERAA 2025 final,2030,ES00,Small biomass,Others RES,Available on market,1963
ERAA 2025 final,2030,FI00,Small biomass,Others RES,Available on market,1683
ERAA 2025 final,2030,FI00,Waste,Others RES,Available on market,153
ERAA 2025 final,2030,FR00,Small biomass,Others RES,Available on market,1374
ERAA 2025 final,2030,FR00,Waste,Others RES,Available on market,449
ERAA 2025 final,2030,GR00,Small biomass,Others RES,Available on market,76
ERAA 2025 final,2030,GR03,Small biomass,Others RES,Available on market,3
ERAA 2025 final,2030,HR00,Geothermal,Others RES,Available on market,60
ERAA 2025 final,2030,HR00,Small biomass,Others RES,Available on market,150
ERAA 2025 final,2030,HU00,Geothermal,Others RES,Available on market,53
ERAA 2025 final,2030,HU00,Small biomass,Others RES,Available on market,157
ERAA 2025 final,2030,HU00,Waste,Others RES,Available on market,37
ERAA 2025 final,2030,IE00,Waste,Others RES,Available on market,78
ERAA 2025 final,2030,ITCA,Small biomass,Others RES,Available on market,172
ERAA 2025 final,2030,ITCA,Waste,Others RES,Available on market,21
ERAA 2025 final,2030,ITCN,Geothermal,Others RES,Available on market,1000
ERAA 2025 final,2030,ITCN,Small biomass,Others RES,Available on market,135
ERAA 2025 final,2030,ITCN,Waste,Others RES,Available on market,32
ERAA 2025 final,2030,ITCS,Small biomass,Others RES,Available on market,278
ERAA 2025 final,2030,ITCS,Waste,Others RES,Available on market,180
ERAA 2025 final,2030,ITN1,Small biomass,Others RES,Available on market,1219
ERAA 2025 final,2030,ITN1,Waste,Others RES,Available on market,512
ERAA 2025 final,2030,ITS1,Small biomass,Others RES,Available on market,377
ERAA 2025 final,2030,ITS1,Waste,Others RES,Available on market,50
ERAA 2025 final,2030,ITSA,Small biomass,Others RES,Available on market,94
ERAA 2025 final,2030,ITSA,Waste,Others RES,Available on market,24
ERAA 2025 final,2030,ITSI,Small biomass,Others RES,Available on market,94
ERAA 2025 final,2030,ITSI,Waste,Others RES,Available on market,8
ERAA 2025 final,2030,LT00,Small biomass,Others RES,Available on market,150
ERAA 2025 final,2030,LT00,Waste,Others RES,Available on market,60
ERAA 2025 final,2030,LUG1,Small biomass,Others RES,Available on market,105
ERAA 2025 final,2030,LV00,Small biomass,Others RES,Available on market,166
ERAA 2025 final,2030,MD00,Small biomass,Others RES,Available on market,3
ERAA 2025 final,2030,MK00,Small biomass,Others RES,Available on market,31
ERAA 2025 final,2030,NL00,Small biomass,Others RES,Available on market,200
ERAA 2025 final,2030,NL00,Small biomass,Others RES,Inelastic supply / fixed profile,419
ERAA 2025 final,2030,NL00,Waste,Others RES,Inelastic supply / fixed profile,679
ERAA 2025 final,2030,PL00,Small biomass,Others RES,Inelastic supply / fixed profile,1492
ERAA 2025 final,2030,PL00,Waste,Others RES,Inelastic supply / fixed profile,149
ERAA 2025 final,2030,PT00,Small biomass,Others RES,Inelastic supply / fixed profile,1193
ERAA 2025 final,2030,PT00,Waste,Others RES,Inelastic supply / fixed profile,92
ERAA 2025 final,2030,RO00,Small biomass,Others RES,Available on market,150
ERAA 2025 final,2030,RS00,Waste,Others RES,Available on market,30
ERAA 2025 final,2030,SE01,Small biomass,Others RES,Available on market,179
ERAA 2025 final,2030,SE01,Waste,Others RES,Available on market,15
ERAA 2025 final,2030,SE02,Small biomass,Others RES,Available on market,746
ERAA 2025 final,2030,SE02,Waste,Others RES,Available on market,19
ERAA 2025 final,2030,SE03,Small biomass,Others RES,Available on market,2102
ERAA 2025 final,2030,SE03,Waste,Others RES,Available on market,343
ERAA 2025 final,2030,SE04,Small biomass,Others RES,Available on market,661
ERAA 2025 final,2030,SE04,Waste,Others RES,Available on market,73
ERAA 2025 final,2030,SI00,Small biomass,Others RES,Inelastic supply / fixed profile,67
ERAA 2025 final,2030,SK00,Geothermal,Others RES,Inelastic supply / fixed profile,12
ERAA 2025 final,2030,SK00,Small biomass,Others RES,Inelastic supply / fixed profile,105
ERAA 2025 final,2030,SK00,Waste,Others RES,Inelastic supply / fixed profile,173
ERAA 2025 final,2030,UK00,Small biomass,Others RES,Available on market,4186
ERAA 2025 final,2030,UK00,Waste,Others RES,Available on market,3542
ERAA 2025 final,2030,AL00,Solar PV utility non-tracking,Solar,Available on market,5
ERAA 2025 final,2030,AL00,Solar PV utility tracking,Solar,Available on market,995
ERAA 2025 final,2030,AT00,Solar PV utility non-tracking,Solar,Available on market,13000
ERAA 2025 final,2030,AT00,Solar PV rooftop residential,Solar,Out of market – for PV/battery dispatch optimization,8000
ERAA 2025 final,2030,BA00,Solar PV utility non-tracking,Solar,Available on market,1945
ERAA 2025 final,2030,BE00,Solar PV rooftop residential,Solar,Available on market,15635
ERAA 2025 final,2030,BG00,Solar PV utility non-tracking,Solar,Available on market,6351
ERAA 2025 final,2030,CH00,Solar PV utility non-tracking,Solar,Available on market,380
ERAA 2025 final,2030,CH00,Solar PV rooftop industrial,Solar,Out of market – for PV/battery dispatch optimization,10077
ERAA 2025 final,2030,CH00,Solar PV rooftop residential,Solar,Out of market – for PV/battery dispatch optimization,6718
ERAA 2025 final,2030,CY00,Solar PV rooftop industrial,Solar,Available on market,68
ERAA 2025 final,2030,CY00,Solar PV rooftop residential,Solar,Available on market,387
ERAA 2025 final,2030,CY00,Solar PV utility non-tracking,Solar,Available on market,594
ERAA 2025 final,2030,CY00,Solar PV utility tracking,Solar,Available on market,31
ERAA 2025 final,2030,CZ00,Solar PV rooftop residential,Solar,Available on market,2541
ERAA 2025 final,2030,CZ00,Solar PV utility non-tracking,Solar,Available on market,7458
ERAA 2025 final,2030,DE00,Solar PV rooftop industrial,Solar,Available on market,39886
ERAA 2025 final,2030,DE00,Solar PV rooftop residential,Solar,Available on market,43475
ERAA 2025 final,2030,DE00,Solar PV utility non-tracking,Solar,Available on market,86337
ERAA 2025 final,2030,DE00,Solar PV rooftop residential,Solar,Out of market – for PV/battery dispatch optimization,45303
ERAA 2025 final,2030,DKE1,Solar PV rooftop industrial,Solar,Available on market,709
ERAA 2025 final,2030,DKE1,Solar PV rooftop residential,Solar,Available on market,641
ERAA 2025 final,2030,DKE1,Solar PV utility non-tracking,Solar,Available on market,3413
ERAA 2025 final,2030,DKE1,Solar PV utility tracking,Solar,Available on market,962
ERAA 2025 final,2030,DKW1,Solar PV rooftop industrial,Solar,Available on market,1069
ERAA 2025 final,2030,DKW1,Solar PV rooftop residential,Solar,Available on market,1154
ERAA 2025 final,2030,DKW1,Solar PV utility non-tracking,Solar,Available on market,10142
ERAA 2025 final,2030,DKW1,Solar PV utility tracking,Solar,Available on market,2788
ERAA 2025 final,2030,EE00,Solar PV utility non-tracking,Solar,Available on market,1570
ERAA 2025 final,2030,ES00,Solar PV rooftop residential,Solar,Available on market,17666
ERAA 2025 final,2030,ES00,Solar PV utility non-tracking,Solar,Available on market,25683
ERAA 2025 final,2030,ES00,Solar PV utility tracking,Solar,Available on market,14781
ERAA 2025 final,2030,ES00,Solar thermal with storage,Solar,Available on market,3534
ERAA 2025 final,2030,ES00,Solar thermal without storage,Solar,Available on market,1271
ERAA 2025 final,2030,FI00,Solar PV rooftop residential,Solar,Available on market,2718
ERAA 2025 final,2030,FI00,Solar PV utility non-tracking,Solar,Available on market,6731
ERAA 2025 final,2030,FR00,Solar PV rooftop industrial,Solar,Available on market,12772
ERAA 2025 final,2030,FR00,Solar PV rooftop residential,Solar,Available on market,7828
ERAA 2025 final,2030,FR00,Solar PV utility non-tracking,Solar,Available on market,20600
ERAA 2025 final,2030,GR00,Solar PV rooftop industrial,Solar,Available on market,154
ERAA 2025 final,2030,GR00,Solar PV rooftop residential,Solar,Available on market,712
ERAA 2025 final,2030,GR00,Solar PV utility non-tracking,Solar,Available on market,12203
ERAA 2025 final,2030,GR03,Solar PV rooftop industrial,Solar,Available on market,31
ERAA 2025 final,2030,GR03,Solar PV rooftop residential,Solar,Available on market,113
ERAA 2025 final,2030,GR03,Solar PV utility non-tracking,Solar,Available on market,280
ERAA 2025 final,2030,HR00,Solar PV rooftop industrial,Solar,Available on market,307
ERAA 2025 final,2030,HR00,Solar PV rooftop residential,Solar,Available on market,445
ERAA 2025 final,2030,HR00,Solar PV utility tracking,Solar,Available on market,231
ERAA 2025 final,2030,HU00,Solar PV rooftop industrial,Solar,Available on market,1610
ERAA 2025 final,2030,HU00,Solar PV rooftop residential,Solar,Available on market,3233
ERAA 2025 final,2030,HU00,Solar PV utility non-tracking,Solar,Available on market,7499
ERAA 2025 final,2030,HU00,Solar PV utility tracking,Solar,Available on market,833
ERAA 2025 final,2030,HU00,Solar PV rooftop residential,Solar,Out of market – for PV/battery dispatch optimization,119
ERAA 2025 final,2030,IE00,Solar PV rooftop residential,Solar,Available on market,2707
ERAA 2025 final,2030,IE00,Solar PV utility non-tracking,Solar,Available on market,3572
ERAA 2025 final,2030,ITCA,Solar PV rooftop industrial,Solar,Available on market,808
ERAA 2025 final,2030,ITCA,Solar PV utility non-tracking,Solar,Available on market,543
ERAA 2025 final,2030,ITCA,Solar PV utility tracking,Solar,Available on market,1050
ERAA 2025 final,2030,ITCN,Solar PV rooftop industrial,Solar,Available on market,2836
ERAA 2025 final,2030,ITCN,Solar PV utility non-tracking,Solar,Available on market,2841
ERAA 2025 final,2030,ITCN,Solar PV utility tracking,Solar,Available on market,2673
ERAA 2025 final,2030,ITCS,Solar PV rooftop industrial,Solar,Available on market,3722
ERAA 2025 final,2030,ITCS,Solar PV utility non-tracking,Solar,Available on market,3206
ERAA 2025 final,2030,ITCS,Solar PV utility tracking,Solar,Available on market,6016
ERAA 2025 final,2030,ITN1,Solar PV rooftop industrial,Solar,Available on market,21377
ERAA 2025 final,2030,ITN1,Solar PV utility non-tracking,Solar,Available on market,10347
ERAA 2025 final,2030,ITN1,Solar PV utility tracking,Solar,Available on market,2688
ERAA 2025 final,2030,ITS1,Solar PV rooftop industrial,Solar,Available on market,1014
ERAA 2025 final,2030,ITS1,Solar PV utility non-tracking,Solar,Available on market,2774
ERAA 2025 final,2030,ITS1,Solar PV utility tracking,Solar,Available on market,3557
ERAA 2025 final,2030,ITS1,Solar thermal without storage,Solar,Available on market,40
ERAA 2025 final,2030,ITSA,Solar PV rooftop industrial,Solar,Available on market,1078
ERAA 2025 final,2030,ITSA,Solar PV utility non-tracking,Solar,Available on market,1075
ERAA 2025 final,2030,ITSA,Solar PV utility tracking,Solar,Available on market,3071
ERAA 2025 final,2030,ITSI,Solar PV rooftop industrial,Solar,Available on market,2147
ERAA 2025 final,2030,ITSI,Solar PV utility non-tracking,Solar,Available on market,1636
ERAA 2025 final,2030,ITSI,Solar PV utility tracking,Solar,Available on market,4801
ERAA 2025 final,2030,ITSI,Solar thermal without storage,Solar,Available on market,40
ERAA 2025 final,2030,LT00,Solar PV rooftop residential,Solar,Available on market,1600
ERAA 2025 final,2030,LT00,Solar PV utility non-tracking,Solar,Available on market,2500
ERAA 2025 final,2030,LUG1,Solar PV rooftop residential,Solar,Available on market,599
ERAA 2025 final,2030,LUG1,Solar PV utility non-tracking,Solar,Available on market,257
ERAA 2025 final,2030,LV00,Solar PV rooftop industrial,Solar,Available on market,730
ERAA 2025 final,2030,LV00,Solar PV rooftop residential,Solar,Available on market,560
ERAA 2025 final,2030,LV00,Solar thermal without storage,Solar,Available on market,70
ERAA 2025 final,2030,MD00,Solar PV rooftop residential,Solar,Available on market,9
ERAA 2025 final,2030,MD00,Solar PV utility non-tracking,Solar,Available on market,405
ERAA 2025 final,2030,ME00,Solar PV rooftop industrial,Solar,Available on market,750
ERAA 2025 final,2030,MK00,Solar PV rooftop residential,Solar,Available on market,1142
ERAA 2025 final,2030,MK00,Solar PV utility non-tracking,Solar,Available on market,600
ERAA 2025 final,2030,MT00,Solar PV rooftop industrial,Solar,Available on market,183
ERAA 2025 final,2030,MT00,Solar PV rooftop residential,Solar,Available on market,153
ERAA 2025 final,2030,MT00,Solar PV utility non-tracking,Solar,Available on market,63
ERAA 2025 final,2030,NL00,Solar PV rooftop industrial,Solar,Available on market,17404
ERAA 2025 final,2030,NL00,Solar PV rooftop residential,Solar,Available on market,22530
ERAA 2025 final,2030,NL00,Solar PV utility tracking,Solar,Available on market,13576
ERAA 2025 final,2030,NOM1,Solar PV rooftop industrial,Solar,Available on market,1321
ERAA 2025 final,2030,NOS1,Solar PV rooftop industrial,Solar,Available on market,1966
ERAA 2025 final,2030,NOS2,Solar PV rooftop industrial,Solar,Available on market,1685
ERAA 2025 final,2030,NOS3,Solar PV rooftop industrial,Solar,Available on market,599
ERAA 2025 final,2030,PL00,Solar PV rooftop residential,Solar,Available on market,15000
ERAA 2025 final,2030,PL00,Solar PV utility non-tracking,Solar,Available on market,13976
ERAA 2025 final,2030,PT00,Solar PV rooftop industrial,Solar,Available on market,5860
ERAA 2025 final,2030,PT00,Solar PV utility non-tracking,Solar,Available on market,14179
ERAA 2025 final,2030,RO00,Solar PV rooftop residential,Solar,Available on market,4000
ERAA 2025 final,2030,RO00,Solar PV utility non-tracking,Solar,Available on market,8550
ERAA 2025 final,2030,RS00,Solar PV rooftop residential,Solar,Available on market,1684
ERAA 2025 final,2030,RS00,Solar PV utility non-tracking,Solar,Available on market,3169
ERAA 2025 final,2030,SE01,Solar PV rooftop residential,Solar,Available on market,152
ERAA 2025 final,2030,SE01,Solar PV utility non-tracking,Solar,Available on market,152
ERAA 2025 final,2030,SE02,Solar PV rooftop residential,Solar,Available on market,286
ERAA 2025 final,2030,SE02,Solar PV utility non-tracking,Solar,Available on market,231
ERAA 2025 final,2030,SE03,Solar PV rooftop residential,Solar,Available on market,4159
ERAA 2025 final,2030,SE03,Solar PV utility non-tracking,Solar,Available on market,86
ERAA 2025 final,2030,SE04,Solar PV rooftop residential,Solar,Available on market,1797
ERAA 2025 final,2030,SI00,Solar PV rooftop residential,Solar,Available on market,4556
ERAA 2025 final,2030,SI00,Solar PV utility non-tracking,Solar,Available on market,1276
ERAA 2025 final,2030,SK00,Solar PV rooftop industrial,Solar,Available on market,644
ERAA 2025 final,2030,SK00,Solar PV rooftop residential,Solar,Available on market,728
ERAA 2025 final,2030,SK00,Solar PV utility non-tracking,Solar,Available on market,28
ERAA 2025 final,2030,UK00,Solar PV utility non-tracking,Solar,Available on market,33732
ERAA 2025 final,2030,UKNI,Solar PV utility non-tracking,Solar,Available on market,411
ERAA 2025 final,2030,AT00,Battery utility scale,Storage,Available on market,1300
ERAA 2025 final,2030,AT00,Electrolyser,Storage,Available on market,1000
ERAA 2025 final,2030,AT00,Battery residential,Storage,Out of market – for PV/battery dispatch optimization,3700
ERAA 2025 final,2030,BE00,Battery residential,Storage,Available on market,737
ERAA 2025 final,2030,BE00,Battery utility scale,Storage,Available on market,1591
ERAA 2025 final,2030,BE00,Electrolyser,Storage,Available on market,118
ERAA 2025 final,2030,BG00,Battery utility scale,Storage,Available on market,1120
ERAA 2025 final,2030,BG00,Electrolyser,Storage,Available on market,52
ERAA 2025 final,2030,CH00,Electrolyser,Storage,Available on market,263
ERAA 2025 final,2030,CH00,Battery residential,Storage,Out of market – for PV/battery dispatch optimization,2297
ERAA 2025 final,2030,CH00,Battery utility scale,Storage,Out of market - primary purpose ancillary service,105
ERAA 2025 final,2030,CY00,Battery utility scale,Storage,Available on market,160
ERAA 2025 final,2030,CY00,Electrolyser,Storage,Available on market,38
ERAA 2025 final,2030,CZ00,Battery utility scale,Storage,Available on market,1723
ERAA 2025 final,2030,CZ00,Electrolyser,Storage,Available on market,128
ERAA 2025 final,2030,DE00,Battery residential,Storage,Available on market,2688
ERAA 2025 final,2030,DE00,Battery utility scale,Storage,Available on market,18265
ERAA 2025 final,2030,DE00,Electrolyser,Storage,Available on market,10000
ERAA 2025 final,2030,DE00,Hydrogen,Storage,Available on market,974
ERAA 2025 final,2030,DE00,Power to heat,Storage,Available on market,5436
ERAA 2025 final,2030,DE00,Battery residential,Storage,Out of market – for PV/battery dispatch optimization,27182
ERAA 2025 final,2030,DKE1,Battery utility scale,Storage,Available on market,258
ERAA 2025 final,2030,DKE1,Electrolyser,Storage,Available on market,296
ERAA 2025 final,2030,DKE1,Power to heat,Storage,Available on market,1672
ERAA 2025 final,2030,DKW1,Battery utility scale,Storage,Available on market,469
ERAA 2025 final,2030,DKW1,Electrolyser,Storage,Available on market,2477
ERAA 2025 final,2030,DKW1,Power to heat,Storage,Available on market,2901
ERAA 2025 final,2030,EE00,Battery utility scale,Storage,Available on market,1000
ERAA 2025 final,2030,ES00,Battery residential,Storage,Available on market,1000
ERAA 2025 final,2030,ES00,Battery utility scale,Storage,Available on market,1559
ERAA 2025 final,2030,ES00,Electrolyser,Storage,Available on market,11960
ERAA 2025 final,2030,FI00,Battery utility scale,Storage,Available on market,3111
ERAA 2025 final,2030,FI00,Electrolyser,Storage,Available on market,1400
ERAA 2025 final,2030,FI00,Power to heat,Storage,Available on market,4166
ERAA 2025 final,2030,FR00,Electrolyser,Storage,Available on market,3552
ERAA 2025 final,2030,FR00,Battery utility scale,Storage,Out of market - primary purpose ancillary service,1000
ERAA 2025 final,2030,GR00,Battery utility scale,Storage,Available on market,2978
ERAA 2025 final,2030,GR03,Battery utility scale,Storage,Available on market,50
ERAA 2025 final,2030,HR00,Battery utility scale,Storage,Available on market,66
ERAA 2025 final,2030,HR00,Electrolyser,Storage,Available on market,672
ERAA 2025 final,2030,HU00,Battery utility scale,Storage,Available on market,538
ERAA 2025 final,2030,HU00,Electrolyser,Storage,Available on market,240
ERAA 2025 final,2030,HU00,Battery residential,Storage,Out of market – for PV/battery dispatch optimization,119
ERAA 2025 final,2030,HU00,Battery utility scale,Storage,Out of market - primary purpose ancillary service,1077
ERAA 2025 final,2030,HU00,Power to heat,Storage,Out of market - primary purpose ancillary service,246
ERAA 2025 final,2030,IE00,Battery utility scale,Storage,Available on market,1078
ERAA 2025 final,2030,ITCA,Battery residential,Storage,Available on market,162
ERAA 2025 final,2030,ITCA,Battery utility scale,Storage,Available on market,400
ERAA 2025 final,2030,ITCN,Battery residential,Storage,Available on market,583
ERAA 2025 final,2030,ITCN,Battery utility scale,Storage,Available on market,69
ERAA 2025 final,2030,ITCN,Electrolyser,Storage,Available on market,180
ERAA 2025 final,2030,ITCS,Battery residential,Storage,Available on market,1006
ERAA 2025 final,2030,ITCS,Battery utility scale,Storage,Available on market,1081
ERAA 2025 final,2030,ITCS,Electrolyser,Storage,Available on market,360
ERAA 2025 final,2030,ITN1,Battery residential,Storage,Available on market,3715
ERAA 2025 final,2030,ITN1,Battery utility scale,Storage,Available on market,1474
ERAA 2025 final,2030,ITN1,Electrolyser,Storage,Available on market,810
ERAA 2025 final,2030,ITS1,Battery residential,Storage,Available on market,334
ERAA 2025 final,2030,ITS1,Battery utility scale,Storage,Available on market,2200
ERAA 2025 final,2030,ITS1,Electrolyser,Storage,Available on market,750
ERAA 2025 final,2030,ITSA,Battery residential,Storage,Available on market,207
ERAA 2025 final,2030,ITSA,Battery utility scale,Storage,Available on market,2147
ERAA 2025 final,2030,ITSA,Electrolyser,Storage,Available on market,150
ERAA 2025 final,2030,ITSI,Battery residential,Storage,Available on market,391
ERAA 2025 final,2030,ITSI,Battery utility scale,Storage,Available on market,1820
ERAA 2025 final,2030,ITSI,Electrolyser,Storage,Available on market,750
ERAA 2025 final,2030,LT00,Battery utility scale,Storage,Available on market,1300
ERAA 2025 final,2030,LT00,Electrolyser,Storage,Available on market,1300
ERAA 2025 final,2030,LUG1,Electrolyser,Storage,Available on market,20
ERAA 2025 final,2030,LUG1,Battery residential,Storage,Out of market – for PV/battery dispatch optimization,25
ERAA 2025 final,2030,LV00,Battery utility scale,Storage,Available on market,220
ERAA 2025 final,2030,LV00,Electrolyser,Storage,Available on market,1000
ERAA 2025 final,2030,LV00,Battery utility scale,Storage,Out of market - primary purpose ancillary service,80
ERAA 2025 final,2030,MD00,Battery utility scale,Storage,Out of market - primary purpose ancillary service,80
ERAA 2025 final,2030,MK00,Battery utility scale,Storage,Available on market,80
ERAA 2025 final,2030,MT00,Battery utility scale,Storage,Available on market,40
ERAA 2025 final,2030,NL00,Battery residential,Storage,Available on market,810
ERAA 2025 final,2030,NL00,Battery utility scale,Storage,Available on market,8320
ERAA 2025 final,2030,NL00,Electrolyser,Storage,Available on market,1500
ERAA 2025 final,2030,NL00,Hydrogen,Storage,Available on market,915
ERAA 2025 final,2030,NL00,Power to heat,Storage,Available on market,2267
ERAA 2025 final,2030,NL0A_OFF,Electrolyser,Storage,Available on market,50
ERAA 2025 final,2030,NOM1,Electrolyser,Storage,Available on market,17
ERAA 2025 final,2030,NON1,Electrolyser,Storage,Available on market,51
ERAA 2025 final,2030,NOS2,Electrolyser,Storage,Available on market,108
ERAA 2025 final,2030,PL00,Battery utility scale,Storage,Available on market,6110
ERAA 2025 final,2030,PL00,Electrolyser,Storage,Available on market,400
ERAA 2025 final,2030,PT00,Battery utility scale,Storage,Available on market,2000
ERAA 2025 final,2030,PT00,Electrolyser,Storage,Available on market,4412
ERAA 2025 final,2030,RO00,Battery utility scale,Storage,Available on market,2000
ERAA 2025 final,2030,RO00,Electrolyser,Storage,Available on market,60
ERAA 2025 final,2030,RS00,Battery utility scale,Storage,Available on market,604
ERAA 2025 final,2030,SE01,Battery utility scale,Storage,Available on market,50
ERAA 2025 final,2030,SE01,Electrolyser,Storage,Available on market,8077
ERAA 2025 final,2030,SE02,Battery utility scale,Storage,Available on market,50
ERAA 2025 final,2030,SE03,Battery utility scale,Storage,Available on market,50
ERAA 2025 final,2030,SE04,Battery utility scale,Storage,Available on market,50
ERAA 2025 final,2030,SI00,Battery residential,Storage,Available on market,119
ERAA 2025 final,2030,SI00,Battery utility scale,Storage,Available on market,64
ERAA 2025 final,2030,SI00,Electrolyser,Storage,Available on market,100
ERAA 2025 final,2030,SI00,Battery utility scale,Storage,Out of market - primary purpose ancillary service,15
ERAA 2025 final,2030,SK00,Battery residential,Storage,Available on market,130
ERAA 2025 final,2030,SK00,Battery utility scale,Storage,Available on market,256
ERAA 2025 final,2030,SK00,Electrolyser,Storage,Available on market,262
ERAA 2025 final,2030,SK00,Battery utility scale,Storage,Out of market - primary purpose ancillary service,87
ERAA 2025 final,2030,UK00,Battery utility scale,Storage,Available on market,24700
ERAA 2025 final,2030,UK00,Electrolyser,Storage,Available on market,777
ERAA 2025 final,2030,UK00,Hydrogen,Storage,Available on market,5
ERAA 2025 final,2030,UKNI,Battery utility scale,Storage,Available on market,200
ERAA 2025 final,2030,AL00,Natural gas,Thermal,Available on market,300
ERAA 2025 final,2030,AT00,Light oil,Thermal,Available on market,122
ERAA 2025 final,2030,AT00,Natural gas,Thermal,Available on market,4121
ERAA 2025 final,2030,BA00,Lignite,Thermal,Available on market,1518
ERAA 2025 final,2030,BE00,Biofuel,Thermal,Available on market,354
ERAA 2025 final,2030,BE00,Hard coal,Thermal,Available on market,0
ERAA 2025 final,2030,BE00,Heavy oil,Thermal,Available on market,140
ERAA 2025 final,2030,BE00,Natural gas,Thermal,Available on market,6333
ERAA 2025 final,2030,BE00,Nuclear,Thermal,Available on market,2056
ERAA 2025 final,2030,BG00,Hard coal,Thermal,Available on market,168
ERAA 2025 final,2030,BG00,Lignite,Thermal,Available on market,1575
ERAA 2025 final,2030,BG00,Natural gas,Thermal,Available on market,1835
ERAA 2025 final,2030,BG00,Nuclear,Thermal,Available on market,2000
ERAA 2025 final,2030,CH00,Biofuel,Thermal,Available on market,122
ERAA 2025 final,2030,CH00,Natural gas,Thermal,Available on market,567
ERAA 2025 final,2030,CH00,Nuclear,Thermal,Available on market,2960
ERAA 2025 final,2030,CY00,Heavy oil,Thermal,Available on market,98
ERAA 2025 final,2030,CY00,Light oil,Thermal,Available on market,150
ERAA 2025 final,2030,CY00,Natural gas,Thermal,Available on market,1133
ERAA 2025 final,2030,CZ00,Lignite,Thermal,Available on market,932
ERAA 2025 final,2030,CZ00,Natural gas,Thermal,Available on market,3290
ERAA 2025 final,2030,CZ00,Nuclear,Thermal,Available on market,4099
ERAA 2025 final,2030,CZ00,Natural gas,Thermal,Out of market - primary purpose ancillary service,106
ERAA 2025 final,2030,DE00,Hard coal,Thermal,Available on market,6284
ERAA 2025 final,2030,DE00,Heavy oil,Thermal,Available on market,1168
ERAA 2025 final,2030,DE00,Lignite,Thermal,Available on market,6041
ERAA 2025 final,2030,DE00,Natural gas,Thermal,Available on market,37452
ERAA 2025 final,2030,DKE1,Biofuel,Thermal,Available on market,1193
ERAA 2025 final,2030,DKE1,Hard coal,Thermal,Available on market,0
ERAA 2025 final,2030,DKE1,Heavy oil,Thermal,Available on market,28
ERAA 2025 final,2030,DKE1,Light oil,Thermal,Available on market,549
ERAA 2025 final,2030,DKE1,Natural gas,Thermal,Available on market,279
ERAA 2025 final,2030,DKW1,Biofuel,Thermal,Available on market,877
ERAA 2025 final,2030,DKW1,Hard coal,Thermal,Available on market,17
ERAA 2025 final,2030,DKW1,Light oil,Thermal,Available on market,125
ERAA 2025 final,2030,DKW1,Natural gas,Thermal,Available on market,1187
ERAA 2025 final,2030,EE00,Natural gas,Thermal,Available on market,385
ERAA 2025 final,2030,EE00,Shale oil,Thermal,Available on market,272
ERAA 2025 final,2030,ES00,Natural gas,Thermal,Available on market,24560
ERAA 2025 final,2030,ES00,Nuclear,Thermal,Available on market,5100
ERAA 2025 final,2030,ES00,Natural gas,Thermal,Inelastic supply / fixed profile,4207
ERAA 2025 final,2030,FI00,Biofuel,Thermal,Available on market,1228
ERAA 2025 final,2030,FI00,Hard coal,Thermal,Available on market,688
ERAA 2025 final,2030,FI00,Natural gas,Thermal,Available on market,1148
ERAA 2025 final,2030,FI00,Nuclear,Thermal,Available on market,4572
ERAA 2025 final,2030,FI00,Natural gas,Thermal,Mothballed,45
ERAA 2025 final,2030,FR00,Light oil,Thermal,Available on market,1331
ERAA 2025 final,2030,FR00,Natural gas,Thermal,Available on market,12019
ERAA 2025 final,2030,FR00,Nuclear,Thermal,Available on market,63020
ERAA 2025 final,2030,GR00,Natural gas,Thermal,Available on market,7922
ERAA 2025 final,2030,GR03,Light oil,Thermal,Available on market,144
ERAA 2025 final,2030,HR00,Hard coal,Thermal,Available on market,290
ERAA 2025 final,2030,HR00,Heavy oil,Thermal,Available on market,303
ERAA 2025 final,2030,HR00,Natural gas,Thermal,Available on market,1674
ERAA 2025 final,2030,HU00,Biofuel,Thermal,Available on market,202
ERAA 2025 final,2030,HU00,Hard coal,Thermal,Available on market,0
ERAA 2025 final,2030,HU00,Light oil,Thermal,Available on market,495
ERAA 2025 final,2030,HU00,Natural gas,Thermal,Available on market,4708
ERAA 2025 final,2030,HU00,Nuclear,Thermal,Available on market,1917
ERAA 2025 final,2030,IE00,Biofuel,Thermal,Available on market,118
ERAA 2025 final,2030,IE00,Light oil,Thermal,Available on market,208
ERAA 2025 final,2030,IE00,Lignite,Thermal,Available on market,0
ERAA 2025 final,2030,IE00,Natural gas,Thermal,Available on market,5776
ERAA 2025 final,2030,ITCA,Natural gas,Thermal,Available on market,3524
ERAA 2025 final,2030,ITCN,Light oil,Thermal,Available on market,23
ERAA 2025 final,2030,ITCN,Natural gas,Thermal,Available on market,2016
ERAA 2025 final,2030,ITCS,Light oil,Thermal,Available on market,96
ERAA 2025 final,2030,ITCS,Natural gas,Thermal,Available on market,7198
ERAA 2025 final,2030,ITN1,Light oil,Thermal,Available on market,15
ERAA 2025 final,2030,ITN1,Natural gas,Thermal,Available on market,27887
ERAA 2025 final,2030,ITS1,Natural gas,Thermal,Available on market,5144
ERAA 2025 final,2030,ITSA,Light oil,Thermal,Available on market,65
ERAA 2025 final,2030,ITSA,Natural gas,Thermal,Available on market,51
ERAA 2025 final,2030,ITSI,Natural gas,Thermal,Available on market,3668
ERAA 2025 final,2030,LT00,Natural gas,Thermal,Available on market,624
ERAA 2025 final,2030,LUG1,Natural gas,Thermal,Available on market,6
ERAA 2025 final,2030,LV00,Natural gas,Thermal,Available on market,1051
ERAA 2025 final,2030,MD00,Hard coal,Thermal,Available on market,550
ERAA 2025 final,2030,MD00,Natural gas,Thermal,Available on market,780
ERAA 2025 final,2030,MD00,Natural gas,Thermal,Inelastic supply / fixed profile,409
ERAA 2025 final,2030,ME00,Lignite,Thermal,Available on market,225
ERAA 2025 final,2030,MK00,Lignite,Thermal,Available on market,150
ERAA 2025 final,2030,MK00,Natural gas,Thermal,Available on market,760
ERAA 2025 final,2030,MT00,Natural gas,Thermal,Available on market,505
ERAA 2025 final,2030,MT00,Light oil,Thermal,Out of market - primary purpose resource adequacy (approved and contracted),175
ERAA 2025 final,2030,NL00,Biofuel,Thermal,Available on market,2211
ERAA 2025 final,2030,NL00,Hard coal,Thermal,Available on market,0
ERAA 2025 final,2030,NL00,Natural gas,Thermal,Available on market,12655
ERAA 2025 final,2030,NL00,Nuclear,Thermal,Available on market,486
ERAA 2025 final,2030,NOS2,Natural gas,Thermal,Available on market,14
ERAA 2025 final,2030,NOS3,Natural gas,Thermal,Available on market,7
ERAA 2025 final,2030,PL00,Hard coal,Thermal,Available on market,11833
ERAA 2025 final,2030,PL00,Lignite,Thermal,Available on market,6510
ERAA 2025 final,2030,PL00,Natural gas,Thermal,Available on market,9028
ERAA 2025 final,2030,PT00,Natural gas,Thermal,Available on market,3829
ERAA 2025 final,2030,PT00,Natural gas,Thermal,Inelastic supply / fixed profile,670
ERAA 2025 final,2030,RO00,Hard coal,Thermal,Available on market,135
ERAA 2025 final,2030,RO00,Lignite,Thermal,Available on market,854
ERAA 2025 final,2030,RO00,Natural gas,Thermal,Available on market,5301
ERAA 2025 final,2030,RO00,Nuclear,Thermal,Available on market,1300
ERAA 2025 final,2030,RS00,Lignite,Thermal,Available on market,5050
ERAA 2025 final,2030,RS00,Natural gas,Thermal,Available on market,401
ERAA 2025 final,2030,SE03,Natural gas,Thermal,Available on market,234
ERAA 2025 final,2030,SE03,Nuclear,Thermal,Available on market,6981
ERAA 2025 final,2030,SI00,Hard coal,Thermal,Available on market,84
ERAA 2025 final,2030,SI00,Lignite,Thermal,Available on market,539
ERAA 2025 final,2030,SI00,Natural gas,Thermal,Available on market,918
ERAA 2025 final,2030,SI00,Nuclear,Thermal,Available on market,700
ERAA 2025 final,2030,SI00,Natural gas,Thermal,Mothballed,58
ERAA 2025 final,2030,SK00,Biofuel,Thermal,Available on market,19
ERAA 2025 final,2030,SK00,Hard coal,Thermal,Available on market,291
ERAA 2025 final,2030,SK00,Heavy oil,Thermal,Available on market,133
ERAA 2025 final,2030,SK00,Lignite,Thermal,Available on market,66
ERAA 2025 final,2030,SK00,Natural gas,Thermal,Available on market,837
ERAA 2025 final,2030,SK00,Nuclear,Thermal,Available on market,2815
ERAA 2025 final,2030,SK00,Natural gas,Thermal,Inelastic supply / fixed profile,125
ERAA 2025 final,2030,SK00,Light oil,Thermal,Out of market - primary purpose ancillary service,109
ERAA 2025 final,2030,SK00,Natural gas,Thermal,Out of market - primary purpose ancillary service,206
ERAA 2025 final,2030,UK00,Heavy oil,Thermal,Available on market,306
ERAA 2025 final,2030,UK00,Natural gas,Thermal,Available on market,45495
ERAA 2025 final,2030,UK00,Nuclear,Thermal,Available on market,2900
ERAA 2025 final,2030,UKNI,Biofuel,Thermal,Available on market,18
ERAA 2025 final,2030,UKNI,Light oil,Thermal,Available on market,390
ERAA 2025 final,2030,UKNI,Lignite,Thermal,Available on market,0
ERAA 2025 final,2030,UKNI,Natural gas,Thermal,Available on market,1777
ERAA 2025 final,2030,AL00,Wind onshore,Wind,Available on market,500
ERAA 2025 final,2030,AT00,Wind onshore,Wind,Available on market,8400
ERAA 2025 final,2030,BA00,Wind onshore,Wind,Available on market,1047
ERAA 2025 final,2030,BE00,Wind offshore fixed,Wind,Available on market,2260
ERAA 2025 final,2030,BE00,Wind onshore,Wind,Available on market,5583
ERAA 2025 final,2030,BG00,Wind offshore fixed,Wind,Available on market,500
ERAA 2025 final,2030,BG00,Wind onshore,Wind,Available on market,1986
ERAA 2025 final,2030,CH00,Wind onshore,Wind,Available on market,252
ERAA 2025 final,2030,CY00,Wind onshore,Wind,Available on market,170
ERAA 2025 final,2030,CZ00,Wind onshore,Wind,Available on market,1485
ERAA 2025 final,2030,DE00,Wind offshore fixed,Wind,Available on market,24089
ERAA 2025 final,2030,DE00,Wind onshore,Wind,Available on market,94500
ERAA 2025 final,2030,DEKF_OFF,Wind offshore fixed,Wind,Available on market,336
ERAA 2025 final,2030,DKE1,Wind offshore fixed,Wind,Available on market,663
ERAA 2025 final,2030,DKE1,Wind onshore,Wind,Available on market,880
ERAA 2025 final,2030,DKKF_OFF,Wind offshore fixed,Wind,Available on market,605
ERAA 2025 final,2030,DKW1,Wind offshore fixed,Wind,Available on market,2872
ERAA 2025 final,2030,DKW1,Wind onshore,Wind,Available on market,5571
ERAA 2025 final,2030,EE00,Wind onshore,Wind,Available on market,2682
ERAA 2025 final,2030,ES00,Wind offshore floating,Wind,Available on market,2800
ERAA 2025 final,2030,ES00,Wind onshore,Wind,Available on market,43737
ERAA 2025 final,2030,FI00,Wind onshore,Wind,Available on market,19640
ERAA 2025 final,2030,FR00,Wind offshore fixed,Wind,Available on market,2930
ERAA 2025 final,2030,FR00,Wind offshore floating,Wind,Available on market,85
ERAA 2025 final,2030,FR00,Wind onshore,Wind,Available on market,30500
ERAA 2025 final,2030,GR00,Wind offshore floating,Wind,Available on market,554
ERAA 2025 final,2030,GR00,Wind onshore,Wind,Available on market,7792
ERAA 2025 final,2030,GR03,Wind onshore,Wind,Available on market,666
ERAA 2025 final,2030,HR00,Wind onshore,Wind,Available on market,2010
ERAA 2025 final,2030,HU00,Wind onshore,Wind,Available on market,1090
ERAA 2025 final,2030,IE00,Wind offshore fixed,Wind,Available on market,1354
ERAA 2025 final,2030,IE00,Wind onshore,Wind,Available on market,7130
ERAA 2025 final,2030,ITCA,Wind onshore,Wind,Available on market,2475
ERAA 2025 final,2030,ITCN,Wind offshore fixed,Wind,Available on market,100
ERAA 2025 final,2030,ITCN,Wind onshore,Wind,Available on market,288
ERAA 2025 final,2030,ITCS,Wind onshore,Wind,Available on market,5293
ERAA 2025 final,2030,ITN1,Wind offshore fixed,Wind,Available on market,200
ERAA 2025 final,2030,ITN1,Wind onshore,Wind,Available on market,445
ERAA 2025 final,2030,ITS1,Wind offshore fixed,Wind,Available on market,600
ERAA 2025 final,2030,ITS1,Wind onshore,Wind,Available on market,10327
ERAA 2025 final,2030,ITSA,Wind offshore fixed,Wind,Available on market,600
ERAA 2025 final,2030,ITSA,Wind onshore,Wind,Available on market,2515
ERAA 2025 final,2030,ITSI,Wind offshore fixed,Wind,Available on market,600
ERAA 2025 final,2030,ITSI,Wind onshore,Wind,Available on market,4696
ERAA 2025 final,2030,LT00,Wind onshore,Wind,Available on market,4515
ERAA 2025 final,2030,LUG1,Wind onshore,Wind,Available on market,457
ERAA 2025 final,2030,LV00,Wind onshore,Wind,Available on market,580
ERAA 2025 final,2030,MD00,Wind onshore,Wind,Available on market,655
ERAA 2025 final,2030,ME00,Wind onshore,Wind,Available on market,313
ERAA 2025 final,2030,MK00,Wind onshore,Wind,Available on market,170
ERAA 2025 final,2030,NL00,Wind offshore fixed,Wind,Available on market,12124
ERAA 2025 final,2030,NL00,Wind onshore,Wind,Available on market,8110
ERAA 2025 final,2030,NL0A_OFF,Wind offshore fixed,Wind,Available on market,50
ERAA 2025 final,2030,NOM1,Wind onshore,Wind,Available on market,2211
ERAA 2025 final,2030,NON1,Wind onshore,Wind,Available on market,1160
ERAA 2025 final,2030,NOS1,Wind onshore,Wind,Available on market,406
ERAA 2025 final,2030,NOS2,Wind onshore,Wind,Available on market,1273
ERAA 2025 final,2030,NOS3,Wind onshore,Wind,Available on market,160
ERAA 2025 final,2030,PL00,Wind offshore fixed,Wind,Available on market,5927
ERAA 2025 final,2030,PL00,Wind onshore,Wind,Available on market,19028
ERAA 2025 final,2030,PT00,Wind offshore floating,Wind,Available on market,1803
ERAA 2025 final,2030,PT00,Wind onshore,Wind,Available on market,9857
ERAA 2025 final,2030,RO00,Wind onshore,Wind,Available on market,7385
ERAA 2025 final,2030,RS00,Wind onshore,Wind,Available on market,6531
ERAA 2025 final,2030,SE01,Wind onshore,Wind,Available on market,4574
ERAA 2025 final,2030,SE02,Wind onshore,Wind,Available on market,8255
ERAA 2025 final,2030,SE03,Wind offshore fixed,Wind,Available on market,33
ERAA 2025 final,2030,SE03,Wind onshore,Wind,Available on market,4868
ERAA 2025 final,2030,SE04,Wind offshore fixed,Wind,Available on market,434
ERAA 2025 final,2030,SE04,Wind onshore,Wind,Available on market,2562
ERAA 2025 final,2030,SI00,Wind onshore,Wind,Available on market,73
ERAA 2025 final,2030,SK00,Wind onshore,Wind,Available on market,750
ERAA 2025 final,2030,UK00,Wind offshore fixed,Wind,Available on market,45549
ERAA 2025 final,2030,UK00,Wind offshore floating,Wind,Available on market,400
ERAA 2025 final,2030,UK00,Wind onshore,Wind,Available on market,25825
ERAA 2025 final,2030,UKNI,Wind offshore fixed,Wind,Available on market,500
ERAA 2025 final,2030,UKNI,Wind onshore,Wind,Available on market,1985
ERAA 2025 final,2033,AL00,EV - iDSR,DSR,Available on market,0
ERAA 2025 final,2033,AL00,HP - iDSR,DSR,Available on market,0
ERAA 2025 final,2033,AT00,DSR,DSR,Available on market,720
ERAA 2025 final,2033,AT00,EV - iDSR,DSR,Available on market,0
ERAA 2025 final,2033,AT00,HP - iDSR,DSR,Available on market,0
ERAA 2025 final,2033,BA00,EV - iDSR,DSR,Available on market,0
ERAA 2025 final,2033,BA00,HP - iDSR,DSR,Available on market,0
ERAA 2025 final,2033,BE00,DSR,DSR,Available on market,2479
ERAA 2025 final,2033,BE00,EV - iDSR,DSR,Available on market,398
ERAA 2025 final,2033,BE00,HP - iDSR,DSR,Available on market,141
ERAA 2025 final,2033,BG00,EV - iDSR,DSR,Available on market,0
ERAA 2025 final,2033,BG00,HP - iDSR,DSR,Available on market,0
ERAA 2025 final,2033,CH00,EV - iDSR,DSR,Available on market,1488
ERAA 2025 final,2033,CH00,HP - iDSR,DSR,Available on market,9821
ERAA 2025 final,2033,CY00,EV - iDSR,DSR,Available on market,0
ERAA 2025 final,2033,CY00,HP - iDSR,DSR,Available on market,0
ERAA 2025 final,2033,CZ00,DSR,DSR,Available on market,180
ERAA 2025 final,2033,CZ00,EV - iDSR,DSR,Available on market,0
ERAA 2025 final,2033,CZ00,HP - iDSR,DSR,Available on market,0
ERAA 2025 final,2033,DE00,DSR,DSR,Available on market,1431
ERAA 2025 final,2033,DE00,EV - iDSR,DSR,Available on market,16161
ERAA 2025 final,2033,DE00,HP - iDSR,DSR,Available on market,1149
ERAA 2025 final,2033,DKE1,EV - iDSR,DSR,Available on market,0
ERAA 2025 final,2033,DKE1,HP - iDSR,DSR,Available on market,0
ERAA 2025 final,2033,DKW1,EV - iDSR,DSR,Available on market,0
ERAA 2025 final,2033,DKW1,HP - iDSR,DSR,Available on market,0
ERAA 2025 final,2033,EE00,DSR,DSR,Available on market,235
ERAA 2025 final,2033,EE00,EV - iDSR,DSR,Available on market,0
ERAA 2025 final,2033,EE00,HP - iDSR,DSR,Available on market,0
ERAA 2025 final,2033,ES00,EV - iDSR,DSR,Available on market,0
ERAA 2025 final,2033,ES00,HP - iDSR,DSR,Available on market,0
ERAA 2025 final,2033,ES00,DSR,DSR,Out of market - primary purpose ancillary service,1148
ERAA 2025 final,2033,FI00,DSR,DSR,Available on market,2132
ERAA 2025 final,2033,FI00,EV - iDSR,DSR,Available on market,5446
ERAA 2025 final,2033,FI00,HP - iDSR,DSR,Available on market,538
ERAA 2025 final,2033,FR00,DSR,DSR,Available on market,6300
ERAA 2025 final,2033,FR00,EV - iDSR,DSR,Available on market,264
ERAA 2025 final,2033,FR00,HP - iDSR,DSR,Available on market,0
ERAA 2025 final,2033,GR00,DSR,DSR,Available on market,290
ERAA 2025 final,2033,GR00,EV - iDSR,DSR,Available on market,0
ERAA 2025 final,2033,GR00,HP - iDSR,DSR,Available on market,0
ERAA 2025 final,2033,GR03,EV - iDSR,DSR,Available on market,0
ERAA 2025 final,2033,GR03,HP - iDSR,DSR,Available on market,0
ERAA 2025 final,2033,HR00,DSR,DSR,Available on market,87
ERAA 2025 final,2033,HR00,EV - iDSR,DSR,Available on market,0
ERAA 2025 final,2033,HR00,HP - iDSR,DSR,Available on market,0
ERAA 2025 final,2033,HU00,EV - iDSR,DSR,Available on market,0
ERAA 2025 final,2033,HU00,HP - iDSR,DSR,Available on market,0
ERAA 2025 final,2033,IE00,DSR,DSR,Available on market,860
ERAA 2025 final,2033,IE00,EV - iDSR,DSR,Available on market,0
ERAA 2025 final,2033,IE00,HP - iDSR,DSR,Available on market,0
ERAA 2025 final,2033,ITCA,DSR,DSR,Available on market,37
ERAA 2025 final,2033,ITCA,EV - iDSR,DSR,Available on market,0
ERAA 2025 final,2033,ITCA,HP - iDSR,DSR,Available on market,0
ERAA 2025 final,2033,ITCN,DSR,DSR,Available on market,189
ERAA 2025 final,2033,ITCN,EV - iDSR,DSR,Available on market,0
ERAA 2025 final,2033,ITCN,HP - iDSR,DSR,Available on market,0
ERAA 2025 final,2033,ITCS,DSR,DSR,Available on market,192
ERAA 2025 final,2033,ITCS,EV - iDSR,DSR,Available on market,0
ERAA 2025 final,2033,ITCS,HP - iDSR,DSR,Available on market,0
ERAA 2025 final,2033,ITN1,DSR,DSR,Available on market,1429
ERAA 2025 final,2033,ITN1,EV - iDSR,DSR,Available on market,0
ERAA 2025 final,2033,ITN1,HP - iDSR,DSR,Available on market,0
ERAA 2025 final,2033,ITS1,DSR,DSR,Available on market,100
ERAA 2025 final,2033,ITS1,EV - iDSR,DSR,Available on market,0
ERAA 2025 final,2033,ITS1,HP - iDSR,DSR,Available on market,0
ERAA 2025 final,2033,ITSA,DSR,DSR,Available on market,10
ERAA 2025 final,2033,ITSA,EV - iDSR,DSR,Available on market,0
ERAA 2025 final,2033,ITSA,HP - iDSR,DSR,Available on market,0
ERAA 2025 final,2033,ITSI,DSR,DSR,Available on market,44
ERAA 2025 final,2033,ITSI,EV - iDSR,DSR,Available on market,0
ERAA 2025 final,2033,ITSI,HP - iDSR,DSR,Available on market,0
ERAA 2025 final,2033,LT00,DSR,DSR,Available on market,40
ERAA 2025 final,2033,LT00,EV - iDSR,DSR,Available on market,0
ERAA 2025 final,2033,LT00,HP - iDSR,DSR,Available on market,0
ERAA 2025 final,2033,LUG1,EV - iDSR,DSR,Available on market,0
ERAA 2025 final,2033,LUG1,HP - iDSR,DSR,Available on market,0
ERAA 2025 final,2033,LV00,DSR,DSR,Available on market,150
ERAA 2025 final,2033,LV00,EV - iDSR,DSR,Available on market,0
ERAA 2025 final,2033,LV00,HP - iDSR,DSR,Available on market,0
ERAA 2025 final,2033,MD00,EV - iDSR,DSR,Available on market,55
ERAA 2025 final,2033,MD00,HP - iDSR,DSR,Available on market,0
ERAA 2025 final,2033,ME00,EV - iDSR,DSR,Available on market,0
ERAA 2025 final,2033,ME00,HP - iDSR,DSR,Available on market,0
ERAA 2025 final,2033,MK00,EV - iDSR,DSR,Available on market,0
ERAA 2025 final,2033,MK00,HP - iDSR,DSR,Available on market,0
ERAA 2025 final,2033,MT00,EV - iDSR,DSR,Available on market,0
ERAA 2025 final,2033,MT00,HP - iDSR,DSR,Available on market,0
ERAA 2025 final,2033,NL00,DSR,DSR,Available on market,1600
ERAA 2025 final,2033,NL00,EV - iDSR,DSR,Available on market,0
ERAA 2025 final,2033,NL00,HP - iDSR,DSR,Available on market,0
ERAA 2025 final,2033,NOM1,EV - iDSR,DSR,Available on market,0
ERAA 2025 final,2033,NOM1,HP - iDSR,DSR,Available on market,0
ERAA 2025 final,2033,NON1,EV - iDSR,DSR,Available on market,0
ERAA 2025 final,2033,NON1,HP - iDSR,DSR,Available on market,0
ERAA 2025 final,2033,NOS1,EV - iDSR,DSR,Available on market,0
ERAA 2025 final,2033,NOS1,HP - iDSR,DSR,Available on market,0
ERAA 2025 final,2033,NOS2,EV - iDSR,DSR,Available on market,0
ERAA 2025 final,2033,NOS2,HP - iDSR,DSR,Available on market,0
ERAA 2025 final,2033,NOS3,EV - iDSR,DSR,Available on market,0
ERAA 2025 final,2033,NOS3,HP - iDSR,DSR,Available on market,0
ERAA 2025 final,2033,PL00,EV - iDSR,DSR,Available on market,0
ERAA 2025 final,2033,PL00,HP - iDSR,DSR,Available on market,0
ERAA 2025 final,2033,PT00,EV - iDSR,DSR,Available on market,0
ERAA 2025 final,2033,PT00,HP - iDSR,DSR,Available on market,0
ERAA 2025 final,2033,RO00,EV - iDSR,DSR,Available on market,0
ERAA 2025 final,2033,RO00,HP - iDSR,DSR,Available on market,0
ERAA 2025 final,2033,RS00,EV - iDSR,DSR,Available on market,0
ERAA 2025 final,2033,RS00,HP - iDSR,DSR,Available on market,0
ERAA 2025 final,2033,SE01,DSR,DSR,Available on market,295
ERAA 2025 final,2033,SE01,EV - iDSR,DSR,Available on market,0
ERAA 2025 final,2033,SE01,HP - iDSR,DSR,Available on market,0
ERAA 2025 final,2033,SE02,DSR,DSR,Available on market,421
ERAA 2025 final,2033,SE02,EV - iDSR,DSR,Available on market,0
ERAA 2025 final,2033,SE02,HP - iDSR,DSR,Available on market,0
ERAA 2025 final,2033,SE03,DSR,DSR,Available on market,2241
ERAA 2025 final,2033,SE03,EV - iDSR,DSR,Available on market,0
ERAA 2025 final,2033,SE03,HP - iDSR,DSR,Available on market,0
ERAA 2025 final,2033,SE04,DSR,DSR,Available on market,637
ERAA 2025 final,2033,SE04,EV - iDSR,DSR,Available on market,0
ERAA 2025 final,2033,SE04,HP - iDSR,DSR,Available on market,0
ERAA 2025 final,2033,SI00,DSR,DSR,Available on market,30
ERAA 2025 final,2033,SI00,EV - iDSR,DSR,Available on market,0
ERAA 2025 final,2033,SI00,HP - iDSR,DSR,Available on market,0
ERAA 2025 final,2033,SK00,EV - iDSR,DSR,Available on market,0
ERAA 2025 final,2033,SK00,HP - iDSR,DSR,Available on market,0
ERAA 2025 final,2033,UK00,DSR,DSR,Available on market,10123
ERAA 2025 final,2033,UK00,EV - iDSR,DSR,Available on market,0
ERAA 2025 final,2033,UK00,HP - iDSR,DSR,Available on market,0
ERAA 2025 final,2033,UKNI,DSR,DSR,Available on market,170
ERAA 2025 final,2033,UKNI,EV - iDSR,DSR,Available on market,0
ERAA 2025 final,2033,UKNI,HP - iDSR,DSR,Available on market,0
ERAA 2025 final,2033,AL00,Reservoir,Hydro,Available on market,2032
ERAA 2025 final,2033,AL00,Run of river,Hydro,Available on market,535
ERAA 2025 final,2033,AT00,Closed loop pumping,Hydro,Available on market,300
ERAA 2025 final,2033,AT00,Open loop pumping,Hydro,Available on market,6282
ERAA 2025 final,2033,AT00,Pondage,Hydro,Available on market,1150
ERAA 2025 final,2033,AT00,Reservoir,Hydro,Available on market,2559
ERAA 2025 final,2033,AT00,Run of river,Hydro,Available on market,5392
ERAA 2025 final,2033,BA00,Open loop pumping,Hydro,Available on market,440
ERAA 2025 final,2033,BA00,Pondage,Hydro,Available on market,228
ERAA 2025 final,2033,BA00,Reservoir,Hydro,Available on market,1616
ERAA 2025 final,2033,BA00,Run of river,Hydro,Available on market,32
ERAA 2025 final,2033,BE00,Closed loop pumping,Hydro,Available on market,1305
ERAA 2025 final,2033,BE00,Run of river,Hydro,Available on market,157
ERAA 2025 final,2033,BG00,Closed loop pumping,Hydro,Available on market,864
ERAA 2025 final,2033,BG00,Open loop pumping,Hydro,Available on market,535
ERAA 2025 final,2033,BG00,Reservoir,Hydro,Available on market,1281
ERAA 2025 final,2033,BG00,Run of river,Hydro,Available on market,536
ERAA 2025 final,2033,CH00,Closed loop pumping,Hydro,Available on market,1900
ERAA 2025 final,2033,CH00,Open loop pumping,Hydro,Available on market,2958
ERAA 2025 final,2033,CH00,Reservoir,Hydro,Available on market,8650
ERAA 2025 final,2033,CH00,Run of river,Hydro,Available on market,4244
ERAA 2025 final,2033,CY00,Closed loop pumping,Hydro,Available on market,40
ERAA 2025 final,2033,CZ00,Closed loop pumping,Hydro,Available on market,678
ERAA 2025 final,2033,CZ00,Open loop pumping,Hydro,Available on market,654
ERAA 2025 final,2033,CZ00,Reservoir,Hydro,Available on market,520
ERAA 2025 final,2033,CZ00,Run of river,Hydro,Available on market,415
ERAA 2025 final,2033,DE00,Closed loop pumping,Hydro,Available on market,6891
ERAA 2025 final,2033,DE00,Open loop pumping,Hydro,Available on market,2232
ERAA 2025 final,2033,DE00,Reservoir,Hydro,Available on market,1008
ERAA 2025 final,2033,DE00,Run of river,Hydro,Available on market,3934
ERAA 2025 final,2033,ES00,Closed loop pumping,Hydro,Available on market,4011
ERAA 2025 final,2033,ES00,Open loop pumping,Hydro,Available on market,3157
ERAA 2025 final,2033,ES00,Reservoir,Hydro,Available on market,11536
ERAA 2025 final,2033,ES00,Run of river,Hydro,Available on market,3118
ERAA 2025 final,2033,FI00,Reservoir,Hydro,Available on market,3237
ERAA 2025 final,2033,FR00,Closed loop pumping,Hydro,Available on market,1395
ERAA 2025 final,2033,FR00,Open loop pumping,Hydro,Available on market,2305
ERAA 2025 final,2033,FR00,Reservoir,Hydro,Available on market,9849
ERAA 2025 final,2033,FR00,Run of river,Hydro,Available on market,11600
ERAA 2025 final,2033,GR00,Closed loop pumping,Hydro,Available on market,1150
ERAA 2025 final,2033,GR00,Open loop pumping,Hydro,Available on market,699
ERAA 2025 final,2033,GR00,Pondage,Hydro,Available on market,22
ERAA 2025 final,2033,GR00,Reservoir,Hydro,Available on market,2872
ERAA 2025 final,2033,GR00,Run of river,Hydro,Available on market,347
ERAA 2025 final,2033,HR00,Open loop pumping,Hydro,Available on market,282
ERAA 2025 final,2033,HR00,Pondage,Hydro,Available on market,313
ERAA 2025 final,2033,HR00,Reservoir,Hydro,Available on market,1423
ERAA 2025 final,2033,HR00,Run of river,Hydro,Available on market,65
ERAA 2025 final,2033,HU00,Run of river,Hydro,Available on market,63
ERAA 2025 final,2033,IE00,Closed loop pumping,Hydro,Available on market,292
ERAA 2025 final,2033,IE00,Run of river,Hydro,Available on market,215
ERAA 2025 final,2033,ITCA,Reservoir,Hydro,Available on market,699
ERAA 2025 final,2033,ITCA,Run of river,Hydro,Available on market,118
ERAA 2025 final,2033,ITCN,Reservoir,Hydro,Available on market,374
ERAA 2025 final,2033,ITCN,Run of river,Hydro,Available on market,308
ERAA 2025 final,2033,ITCS,Closed loop pumping,Hydro,Available on market,985
ERAA 2025 final,2033,ITCS,Open loop pumping,Hydro,Available on market,742
ERAA 2025 final,2033,ITCS,Reservoir,Hydro,Available on market,961
ERAA 2025 final,2033,ITCS,Run of river,Hydro,Available on market,680
ERAA 2025 final,2033,ITN1,Closed loop pumping,Hydro,Available on market,2380
ERAA 2025 final,2033,ITN1,Open loop pumping,Hydro,Available on market,2755
ERAA 2025 final,2033,ITN1,Reservoir,Hydro,Available on market,6075
ERAA 2025 final,2033,ITN1,Run of river,Hydro,Available on market,5663
ERAA 2025 final,2033,ITS1,Reservoir,Hydro,Available on market,230
ERAA 2025 final,2033,ITSA,Closed loop pumping,Hydro,Available on market,240
ERAA 2025 final,2033,ITSA,Reservoir,Hydro,Available on market,142
ERAA 2025 final,2033,ITSA,Run of river,Hydro,Available on market,77
ERAA 2025 final,2033,ITSI,Closed loop pumping,Hydro,Available on market,500
ERAA 2025 final,2033,ITSI,Open loop pumping,Hydro,Available on market,80
ERAA 2025 final,2033,ITSI,Reservoir,Hydro,Available on market,37
ERAA 2025 final,2033,ITSI,Run of river,Hydro,Available on market,92
ERAA 2025 final,2033,LT00,Closed loop pumping,Hydro,Available on market,938
ERAA 2025 final,2033,LT00,Run of river,Hydro,Available on market,127
ERAA 2025 final,2033,LUG1,Run of river,Hydro,Available on market,27
ERAA 2025 final,2033,LUV1,Closed loop pumping,Hydro,Available on market,1300
ERAA 2025 final,2033,LV00,Pondage,Hydro,Available on market,1592
ERAA 2025 final,2033,MD00,Run of river,Hydro,Available on market,17
ERAA 2025 final,2033,MD00,Run of river,Hydro,Inelastic supply / fixed profile,48
ERAA 2025 final,2033,ME00,Reservoir,Hydro,Available on market,706
ERAA 2025 final,2033,ME00,Run of river,Hydro,Available on market,581
ERAA 2025 final,2033,MK00,Reservoir,Hydro,Available on market,539
ERAA 2025 final,2033,MK00,Run of river,Hydro,Available on market,231
ERAA 2025 final,2033,NL00,Run of river,Hydro,Available on market,37
ERAA 2025 final,2033,NOM1,Open loop pumping,Hydro,Available on market,66
ERAA 2025 final,2033,NOM1,Reservoir,Hydro,Available on market,3204
ERAA 2025 final,2033,NOM1,Run of river,Hydro,Available on market,1040
ERAA 2025 final,2033,NON1,Reservoir,Hydro,Available on market,4740
ERAA 2025 final,2033,NON1,Run of river,Hydro,Available on market,685
ERAA 2025 final,2033,NOS1,Reservoir,Hydro,Available on market,5018
ERAA 2025 final,2033,NOS1,Run of river,Hydro,Available on market,3067
ERAA 2025 final,2033,NOS2,Open loop pumping,Hydro,Available on market,249
ERAA 2025 final,2033,NOS2,Reservoir,Hydro,Available on market,7953
ERAA 2025 final,2033,NOS2,Run of river,Hydro,Available on market,1520
ERAA 2025 final,2033,NOS3,Open loop pumping,Hydro,Available on market,419
ERAA 2025 final,2033,NOS3,Reservoir,Hydro,Available on market,5586
ERAA 2025 final,2033,NOS3,Run of river,Hydro,Available on market,695
ERAA 2025 final,2033,PL00,Closed loop pumping,Hydro,Available on market,1279
ERAA 2025 final,2033,PL00,Open loop pumping,Hydro,Available on market,118
ERAA 2025 final,2033,PL00,Reservoir,Hydro,Available on market,425
ERAA 2025 final,2033,PL00,Run of river,Hydro,Available on market,524
ERAA 2025 final,2033,PT00,Open loop pumping,Hydro,Available on market,4469
ERAA 2025 final,2033,PT00,Pondage,Hydro,Available on market,280
ERAA 2025 final,2033,PT00,Reservoir,Hydro,Available on market,3136
ERAA 2025 final,2033,PT00,Run of river,Hydro,Available on market,508
ERAA 2025 final,2033,PT00,Marine,Hydro,Inelastic supply / fixed profile,201
ERAA 2025 final,2033,RO00,Reservoir,Hydro,Available on market,2620
ERAA 2025 final,2033,RO00,Run of river,Hydro,Available on market,3782
ERAA 2025 final,2033,RO00,Run of river,Hydro,Mothballed,16
ERAA 2025 final,2033,RS00,Closed loop pumping,Hydro,Available on market,1270
ERAA 2025 final,2033,RS00,Reservoir,Hydro,Available on market,435
ERAA 2025 final,2033,RS00,Run of river,Hydro,Available on market,2036
ERAA 2025 final,2033,SE01,Reservoir,Hydro,Available on market,5444
ERAA 2025 final,2033,SE02,Reservoir,Hydro,Available on market,7650
ERAA 2025 final,2033,SE03,Reservoir,Hydro,Available on market,2286
ERAA 2025 final,2033,SE04,Reservoir,Hydro,Available on market,237
ERAA 2025 final,2033,SI00,Open loop pumping,Hydro,Available on market,530
ERAA 2025 final,2033,SI00,Pondage,Hydro,Available on market,1074
ERAA 2025 final,2033,SI00,Run of river,Hydro,Available on market,140
ERAA 2025 final,2033,SK00,Closed loop pumping,Hydro,Available on market,685
ERAA 2025 final,2033,SK00,Open loop pumping,Hydro,Available on market,276
ERAA 2025 final,2033,SK00,Pondage,Hydro,Available on market,203
ERAA 2025 final,2033,SK00,Reservoir,Hydro,Available on market,21
ERAA 2025 final,2033,SK00,Run of river,Hydro,Available on market,1423
ERAA 2025 final,2033,UK00,Closed loop pumping,Hydro,Available on market,4116
ERAA 2025 final,2033,UK00,Marine,Hydro,Available on market,392
ERAA 2025 final,2033,UK00,Run of river,Hydro,Available on market,1985
ERAA 2025 final,2033,UKNI,Run of river,Hydro,Available on market,6
ERAA 2025 final,2033,AT00,Small biomass,Others RES,Available on market,659
ERAA 2025 final,2033,AT00,Waste,Others RES,Available on market,108
ERAA 2025 final,2033,BE00,Small biomass,Others RES,Available on market,567
ERAA 2025 final,2033,BE00,Waste,Others RES,Available on market,30
ERAA 2025 final,2033,BG00,Small biomass,Others RES,Available on market,123
ERAA 2025 final,2033,CH00,Geothermal,Others RES,Available on market,7
ERAA 2025 final,2033,CH00,Small biomass,Others RES,Available on market,69
ERAA 2025 final,2033,CH00,Waste,Others RES,Available on market,223
ERAA 2025 final,2033,CY00,Waste,Others RES,Available on market,42
ERAA 2025 final,2033,CZ00,Small biomass,Others RES,Available on market,908
ERAA 2025 final,2033,CZ00,Waste,Others RES,Available on market,284
ERAA 2025 final,2033,DE00,Small biomass,Others RES,Inelastic supply / fixed profile,9460
ERAA 2025 final,2033,DE00,Waste,Others RES,Inelastic supply / fixed profile,1938
ERAA 2025 final,2033,EE00,Small biomass,Others RES,Available on market,152
ERAA 2025 final,2033,EE00,Waste,Others RES,Available on market,17
ERAA 2025 final,2033,ES00,Small biomass,Others RES,Available on market,1963
ERAA 2025 final,2033,FI00,Small biomass,Others RES,Available on market,1683
ERAA 2025 final,2033,FI00,Waste,Others RES,Available on market,153
ERAA 2025 final,2033,FR00,Small biomass,Others RES,Available on market,1469
ERAA 2025 final,2033,FR00,Waste,Others RES,Available on market,449
ERAA 2025 final,2033,GR00,Small biomass,Others RES,Available on market,76
ERAA 2025 final,2033,GR03,Small biomass,Others RES,Available on market,3
ERAA 2025 final,2033,HR00,Geothermal,Others RES,Available on market,158
ERAA 2025 final,2033,HR00,Small biomass,Others RES,Available on market,246
ERAA 2025 final,2033,HU00,Geothermal,Others RES,Available on market,91
ERAA 2025 final,2033,HU00,Small biomass,Others RES,Available on market,157
ERAA 2025 final,2033,HU00,Waste,Others RES,Available on market,37
ERAA 2025 final,2033,IE00,Waste,Others RES,Available on market,78
ERAA 2025 final,2033,ITCA,Small biomass,Others RES,Available on market,172
ERAA 2025 final,2033,ITCA,Waste,Others RES,Available on market,21
ERAA 2025 final,2033,ITCN,Geothermal,Others RES,Available on market,1000
ERAA 2025 final,2033,ITCN,Small biomass,Others RES,Available on market,135
ERAA 2025 final,2033,ITCN,Waste,Others RES,Available on market,32
ERAA 2025 final,2033,ITCS,Small biomass,Others RES,Available on market,278
ERAA 2025 final,2033,ITCS,Waste,Others RES,Available on market,180
ERAA 2025 final,2033,ITN1,Small biomass,Others RES,Available on market,1219
ERAA 2025 final,2033,ITN1,Waste,Others RES,Available on market,512
ERAA 2025 final,2033,ITS1,Small biomass,Others RES,Available on market,377
ERAA 2025 final,2033,ITS1,Waste,Others RES,Available on market,50
ERAA 2025 final,2033,ITSA,Small biomass,Others RES,Available on market,94
ERAA 2025 final,2033,ITSA,Waste,Others RES,Available on market,24
ERAA 2025 final,2033,ITSI,Small biomass,Others RES,Available on market,94
ERAA 2025 final,2033,ITSI,Waste,Others RES,Available on market,8
ERAA 2025 final,2033,LT00,Small biomass,Others RES,Available on market,150
ERAA 2025 final,2033,LT00,Waste,Others RES,Available on market,60
ERAA 2025 final,2033,LUG1,Small biomass,Others RES,Available on market,111
ERAA 2025 final,2033,LV00,Small biomass,Others RES,Available on market,166
ERAA 2025 final,2033,MD00,Small biomass,Others RES,Available on market,3
ERAA 2025 final,2033,MK00,Small biomass,Others RES,Available on market,31
ERAA 2025 final,2033,NL00,Small biomass,Others RES,Available on market,200
ERAA 2025 final,2033,NL00,Small biomass,Others RES,Inelastic supply / fixed profile,419
ERAA 2025 final,2033,NL00,Waste,Others RES,Inelastic supply / fixed profile,679
ERAA 2025 final,2033,PL00,Small biomass,Others RES,Inelastic supply / fixed profile,1582
ERAA 2025 final,2033,PL00,Waste,Others RES,Inelastic supply / fixed profile,149
ERAA 2025 final,2033,PT00,Small biomass,Others RES,Inelastic supply / fixed profile,1267
ERAA 2025 final,2033,PT00,Waste,Others RES,Inelastic supply / fixed profile,91
ERAA 2025 final,2033,RO00,Small biomass,Others RES,Available on market,180
ERAA 2025 final,2033,RS00,Waste,Others RES,Available on market,30
ERAA 2025 final,2033,SE01,Small biomass,Others RES,Available on market,179
ERAA 2025 final,2033,SE01,Waste,Others RES,Available on market,15
ERAA 2025 final,2033,SE02,Small biomass,Others RES,Available on market,746
ERAA 2025 final,2033,SE02,Waste,Others RES,Available on market,19
ERAA 2025 final,2033,SE03,Small biomass,Others RES,Available on market,1902
ERAA 2025 final,2033,SE03,Waste,Others RES,Available on market,343
ERAA 2025 final,2033,SE04,Small biomass,Others RES,Available on market,661
ERAA 2025 final,2033,SE04,Waste,Others RES,Available on market,73
ERAA 2025 final,2033,SI00,Small biomass,Others RES,Inelastic supply / fixed profile,70
ERAA 2025 final,2033,SK00,Geothermal,Others RES,Inelastic supply / fixed profile,12
ERAA 2025 final,2033,SK00,Small biomass,Others RES,Inelastic supply / fixed profile,116
ERAA 2025 final,2033,SK00,Waste,Others RES,Inelastic supply / fixed profile,178
ERAA 2025 final,2033,UK00,Small biomass,Others RES,Available on market,4558
ERAA 2025 final,2033,UK00,Waste,Others RES,Available on market,3252
ERAA 2025 final,2033,AL00,Solar PV utility non-tracking,Solar,Available on market,5
ERAA 2025 final,2033,AL00,Solar PV utility tracking,Solar,Available on market,1295
ERAA 2025 final,2033,AT00,Solar PV utility non-tracking,Solar,Available on market,17500
ERAA 2025 final,2033,AT00,Solar PV rooftop residential,Solar,Out of market – for PV/battery dispatch optimization,9500
ERAA 2025 final,2033,BA00,Solar PV utility non-tracking,Solar,Available on market,1945
ERAA 2025 final,2033,BE00,Solar PV rooftop residential,Solar,Available on market,18306
ERAA 2025 final,2033,BG00,Solar PV utility non-tracking,Solar,Available on market,8211
ERAA 2025 final,2033,CH00,Solar PV utility non-tracking,Solar,Available on market,500
ERAA 2025 final,2033,CH00,Solar PV rooftop industrial,Solar,Out of market – for PV/battery dispatch optimization,12705
ERAA 2025 final,2033,CH00,Solar PV rooftop residential,Solar,Out of market – for PV/battery dispatch optimization,8470
ERAA 2025 final,2033,CY00,Solar PV rooftop industrial,Solar,Available on market,86
ERAA 2025 final,2033,CY00,Solar PV rooftop residential,Solar,Available on market,489
ERAA 2025 final,2033,CY00,Solar PV utility non-tracking,Solar,Available on market,884
ERAA 2025 final,2033,CY00,Solar PV utility tracking,Solar,Available on market,47
ERAA 2025 final,2033,CZ00,Solar PV rooftop residential,Solar,Available on market,1348
ERAA 2025 final,2033,CZ00,Solar PV utility non-tracking,Solar,Available on market,9290
ERAA 2025 final,2033,DE00,Solar PV rooftop industrial,Solar,Available on market,48933
ERAA 2025 final,2033,DE00,Solar PV rooftop residential,Solar,Available on market,53375
ERAA 2025 final,2033,DE00,Solar PV utility non-tracking,Solar,Available on market,118484
ERAA 2025 final,2033,DE00,Solar PV rooftop residential,Solar,Out of market – for PV/battery dispatch optimization,55541
ERAA 2025 final,2033,DKE1,Solar PV rooftop industrial,Solar,Available on market,1205
ERAA 2025 final,2033,DKE1,Solar PV rooftop residential,Solar,Available on market,926
ERAA 2025 final,2033,DKE1,Solar PV utility non-tracking,Solar,Available on market,4313
ERAA 2025 final,2033,DKE1,Solar PV utility tracking,Solar,Available on market,1262
ERAA 2025 final,2033,DKW1,Solar PV rooftop industrial,Solar,Available on market,1813
ERAA 2025 final,2033,DKW1,Solar PV rooftop residential,Solar,Available on market,1581
ERAA 2025 final,2033,DKW1,Solar PV utility non-tracking,Solar,Available on market,13105
ERAA 2025 final,2033,DKW1,Solar PV utility tracking,Solar,Available on market,3775
ERAA 2025 final,2033,EE00,Solar PV utility non-tracking,Solar,Available on market,1590
ERAA 2025 final,2033,ES00,Solar PV rooftop residential,Solar,Available on market,21366
ERAA 2025 final,2033,ES00,Solar PV utility non-tracking,Solar,Available on market,25683
ERAA 2025 final,2033,ES00,Solar PV utility tracking,Solar,Available on market,27542
ERAA 2025 final,2033,ES00,Solar thermal with storage,Solar,Available on market,3534
ERAA 2025 final,2033,ES00,Solar thermal without storage,Solar,Available on market,1271
ERAA 2025 final,2033,FI00,Solar PV rooftop residential,Solar,Available on market,3618
ERAA 2025 final,2033,FI00,Solar PV utility non-tracking,Solar,Available on market,9731
ERAA 2025 final,2033,FR00,Solar PV rooftop industrial,Solar,Available on market,16802
ERAA 2025 final,2033,FR00,Solar PV rooftop residential,Solar,Available on market,10298
ERAA 2025 final,2033,FR00,Solar PV utility non-tracking,Solar,Available on market,27100
ERAA 2025 final,2033,GR00,Solar PV rooftop industrial,Solar,Available on market,154
ERAA 2025 final,2033,GR00,Solar PV rooftop residential,Solar,Available on market,827
ERAA 2025 final,2033,GR00,Solar PV utility non-tracking,Solar,Available on market,15014
ERAA 2025 final,2033,GR03,Solar PV rooftop industrial,Solar,Available on market,31
ERAA 2025 final,2033,GR03,Solar PV rooftop residential,Solar,Available on market,158
ERAA 2025 final,2033,GR03,Solar PV utility non-tracking,Solar,Available on market,300
ERAA 2025 final,2033,HR00,Solar PV rooftop industrial,Solar,Available on market,417
ERAA 2025 final,2033,HR00,Solar PV rooftop residential,Solar,Available on market,676
ERAA 2025 final,2033,HR00,Solar PV utility tracking,Solar,Available on market,582
ERAA 2025 final,2033,HU00,Solar PV rooftop industrial,Solar,Available on market,1844
ERAA 2025 final,2033,HU00,Solar PV rooftop residential,Solar,Available on market,3508
ERAA 2025 final,2033,HU00,Solar PV utility non-tracking,Solar,Available on market,7624
ERAA 2025 final,2033,HU00,Solar PV utility tracking,Solar,Available on market,847
ERAA 2025 final,2033,HU00,Solar PV rooftop residential,Solar,Out of market – for PV/battery dispatch optimization,179
ERAA 2025 final,2033,IE00,Solar PV rooftop residential,Solar,Available on market,3339
ERAA 2025 final,2033,IE00,Solar PV utility non-tracking,Solar,Available on market,4722
ERAA 2025 final,2033,ITCA,Solar PV rooftop industrial,Solar,Available on market,890
ERAA 2025 final,2033,ITCA,Solar PV utility non-tracking,Solar,Available on market,591
ERAA 2025 final,2033,ITCA,Solar PV utility tracking,Solar,Available on market,1248
ERAA 2025 final,2033,ITCN,Solar PV rooftop industrial,Solar,Available on market,2951
ERAA 2025 final,2033,ITCN,Solar PV utility non-tracking,Solar,Available on market,2925
ERAA 2025 final,2033,ITCN,Solar PV utility tracking,Solar,Available on market,2802
ERAA 2025 final,2033,ITCS,Solar PV rooftop industrial,Solar,Available on market,4188
ERAA 2025 final,2033,ITCS,Solar PV utility non-tracking,Solar,Available on market,3619
ERAA 2025 final,2033,ITCS,Solar PV utility tracking,Solar,Available on market,6999
ERAA 2025 final,2033,ITN1,Solar PV rooftop industrial,Solar,Available on market,22333
ERAA 2025 final,2033,ITN1,Solar PV utility non-tracking,Solar,Available on market,11259
ERAA 2025 final,2033,ITN1,Solar PV utility tracking,Solar,Available on market,2921
ERAA 2025 final,2033,ITS1,Solar PV rooftop industrial,Solar,Available on market,1193
ERAA 2025 final,2033,ITS1,Solar PV utility non-tracking,Solar,Available on market,3443
ERAA 2025 final,2033,ITS1,Solar PV utility tracking,Solar,Available on market,6299
ERAA 2025 final,2033,ITS1,Solar thermal without storage,Solar,Available on market,40
ERAA 2025 final,2033,ITSA,Solar PV rooftop industrial,Solar,Available on market,1245
ERAA 2025 final,2033,ITSA,Solar PV utility non-tracking,Solar,Available on market,1257
ERAA 2025 final,2033,ITSA,Solar PV utility tracking,Solar,Available on market,3817
ERAA 2025 final,2033,ITSI,Solar PV rooftop industrial,Solar,Available on market,2447
ERAA 2025 final,2033,ITSI,Solar PV utility non-tracking,Solar,Available on market,1899
ERAA 2025 final,2033,ITSI,Solar PV utility tracking,Solar,Available on market,5880
ERAA 2025 final,2033,ITSI,Solar thermal without storage,Solar,Available on market,40
ERAA 2025 final,2033,LT00,Solar PV rooftop residential,Solar,Available on market,1660
ERAA 2025 final,2033,LT00,Solar PV utility non-tracking,Solar,Available on market,2940
ERAA 2025 final,2033,LUG1,Solar PV rooftop residential,Solar,Available on market,698
ERAA 2025 final,2033,LUG1,Solar PV utility non-tracking,Solar,Available on market,299
ERAA 2025 final,2033,LV00,Solar PV rooftop industrial,Solar,Available on market,730
ERAA 2025 final,2033,LV00,Solar PV rooftop residential,Solar,Available on market,560
ERAA 2025 final,2033,LV00,Solar thermal without storage,Solar,Available on market,70
ERAA 2025 final,2033,MD00,Solar PV rooftop residential,Solar,Available on market,9
ERAA 2025 final,2033,MD00,Solar PV utility non-tracking,Solar,Available on market,515
ERAA 2025 final,2033,ME00,Solar PV rooftop industrial,Solar,Available on market,750
ERAA 2025 final,2033,MK00,Solar PV rooftop residential,Solar,Available on market,1142
ERAA 2025 final,2033,MK00,Solar PV utility non-tracking,Solar,Available on market,780
ERAA 2025 final,2033,MT00,Solar PV rooftop industrial,Solar,Available on market,178
ERAA 2025 final,2033,MT00,Solar PV rooftop residential,Solar,Available on market,144
ERAA 2025 final,2033,MT00,Solar PV utility non-tracking,Solar,Available on market,63
ERAA 2025 final,2033,NL00,Solar PV rooftop industrial,Solar,Available on market,21530
ERAA 2025 final,2033,NL00,Solar PV rooftop residential,Solar,Available on market,25423
ERAA 2025 final,2033,NL00,Solar PV utility tracking,Solar,Available on market,17014
ERAA 2025 final,2033,NOM1,Solar PV rooftop industrial,Solar,Available on market,1551
ERAA 2025 final,2033,NON1,Solar PV rooftop industrial,Solar,Available on market,60
ERAA 2025 final,2033,NOS1,Solar PV rooftop industrial,Solar,Available on market,2415
ERAA 2025 final,2033,NOS2,Solar PV rooftop industrial,Solar,Available on market,1995
ERAA 2025 final,2033,NOS3,Solar PV rooftop industrial,Solar,Available on market,659
ERAA 2025 final,2033,PL00,Solar PV rooftop residential,Solar,Available on market,16000
ERAA 2025 final,2033,PL00,Solar PV utility non-tracking,Solar,Available on market,18331
ERAA 2025 final,2033,PT00,Solar PV rooftop industrial,Solar,Available on market,6527
ERAA 2025 final,2033,PT00,Solar PV utility non-tracking,Solar,Available on market,17935
ERAA 2025 final,2033,RO00,Solar PV rooftop residential,Solar,Available on market,5100
ERAA 2025 final,2033,RO00,Solar PV utility non-tracking,Solar,Available on market,8700
ERAA 2025 final,2033,RS00,Solar PV rooftop residential,Solar,Available on market,1684
ERAA 2025 final,2033,RS00,Solar PV utility non-tracking,Solar,Available on market,3169
ERAA 2025 final,2033,SE01,Solar PV rooftop residential,Solar,Available on market,259
ERAA 2025 final,2033,SE01,Solar PV utility non-tracking,Solar,Available on market,259
ERAA 2025 final,2033,SE02,Solar PV rooftop residential,Solar,Available on market,286
ERAA 2025 final,2033,SE02,Solar PV utility non-tracking,Solar,Available on market,422
ERAA 2025 final,2033,SE03,Solar PV rooftop residential,Solar,Available on market,4159
ERAA 2025 final,2033,SE03,Solar PV utility non-tracking,Solar,Available on market,1162
ERAA 2025 final,2033,SE04,Solar PV rooftop residential,Solar,Available on market,1814
ERAA 2025 final,2033,SE04,Solar PV utility non-tracking,Solar,Available on market,431
ERAA 2025 final,2033,SI00,Solar PV rooftop residential,Solar,Available on market,5196
ERAA 2025 final,2033,SI00,Solar PV utility non-tracking,Solar,Available on market,1576
ERAA 2025 final,2033,SK00,Solar PV rooftop industrial,Solar,Available on market,816
ERAA 2025 final,2033,SK00,Solar PV rooftop residential,Solar,Available on market,922
ERAA 2025 final,2033,SK00,Solar PV utility non-tracking,Solar,Available on market,35
ERAA 2025 final,2033,UK00,Solar PV utility non-tracking,Solar,Available on market,42811
ERAA 2025 final,2033,UKNI,Solar PV utility non-tracking,Solar,Available on market,745
ERAA 2025 final,2033,AT00,Battery utility scale,Storage,Available on market,2680
ERAA 2025 final,2033,AT00,Electrolyser,Storage,Available on market,2230
ERAA 2025 final,2033,AT00,Battery residential,Storage,Out of market – for PV/battery dispatch optimization,4390
ERAA 2025 final,2033,BE00,Battery residential,Storage,Available on market,1207
ERAA 2025 final,2033,BE00,Battery utility scale,Storage,Available on market,2062
ERAA 2025 final,2033,BE00,Electrolyser,Storage,Available on market,118
ERAA 2025 final,2033,BG00,Battery utility scale,Storage,Available on market,1120
ERAA 2025 final,2033,BG00,Electrolyser,Storage,Available on market,52
ERAA 2025 final,2033,CH00,Electrolyser,Storage,Available on market,426
ERAA 2025 final,2033,CH00,Battery residential,Storage,Out of market – for PV/battery dispatch optimization,2719
ERAA 2025 final,2033,CH00,Battery utility scale,Storage,Out of market - primary purpose ancillary service,105
ERAA 2025 final,2033,CY00,Battery utility scale,Storage,Available on market,160
ERAA 2025 final,2033,CY00,Electrolyser,Storage,Available on market,40
ERAA 2025 final,2033,CZ00,Battery utility scale,Storage,Available on market,1908
ERAA 2025 final,2033,CZ00,Electrolyser,Storage,Available on market,128
ERAA 2025 final,2033,DE00,Battery residential,Storage,Available on market,7315
ERAA 2025 final,2033,DE00,Battery utility scale,Storage,Available on market,24152
ERAA 2025 final,2033,DE00,Electrolyser,Storage,Available on market,20714
ERAA 2025 final,2033,DE00,Hydrogen,Storage,Available on market,5655
ERAA 2025 final,2033,DE00,Power to heat,Storage,Available on market,7992
ERAA 2025 final,2033,DE00,Battery residential,Storage,Out of market – for PV/battery dispatch optimization,33325
ERAA 2025 final,2033,DKE1,Battery utility scale,Storage,Available on market,283
ERAA 2025 final,2033,DKE1,Electrolyser,Storage,Available on market,796
ERAA 2025 final,2033,DKE1,Power to heat,Storage,Available on market,1789
ERAA 2025 final,2033,DKW1,Battery utility scale,Storage,Available on market,515
ERAA 2025 final,2033,DKW1,Electrolyser,Storage,Available on market,4634
ERAA 2025 final,2033,DKW1,Power to heat,Storage,Available on market,3026
ERAA 2025 final,2033,EE00,Battery utility scale,Storage,Available on market,1000
ERAA 2025 final,2033,ES00,Battery residential,Storage,Available on market,1209
ERAA 2025 final,2033,ES00,Battery utility scale,Storage,Available on market,1559
ERAA 2025 final,2033,ES00,Electrolyser,Storage,Available on market,23014
ERAA 2025 final,2033,FI00,Battery utility scale,Storage,Available on market,4111
ERAA 2025 final,2033,FI00,Electrolyser,Storage,Available on market,2281
ERAA 2025 final,2033,FI00,Power to heat,Storage,Available on market,4275
ERAA 2025 final,2033,FR00,Electrolyser,Storage,Available on market,8310
ERAA 2025 final,2033,FR00,Battery utility scale,Storage,Out of market - primary purpose ancillary service,1000
ERAA 2025 final,2033,GR00,Battery utility scale,Storage,Available on market,4800
ERAA 2025 final,2033,GR00,Electrolyser,Storage,Available on market,139
ERAA 2025 final,2033,GR03,Battery utility scale,Storage,Available on market,110
ERAA 2025 final,2033,HR00,Battery utility scale,Storage,Available on market,66
ERAA 2025 final,2033,HR00,Electrolyser,Storage,Available on market,672
ERAA 2025 final,2033,HU00,Battery utility scale,Storage,Available on market,538
ERAA 2025 final,2033,HU00,Electrolyser,Storage,Available on market,240
ERAA 2025 final,2033,HU00,Battery residential,Storage,Out of market – for PV/battery dispatch optimization,179
ERAA 2025 final,2033,HU00,Battery utility scale,Storage,Out of market - primary purpose ancillary service,1077
ERAA 2025 final,2033,HU00,Power to heat,Storage,Out of market - primary purpose ancillary service,246
ERAA 2025 final,2033,IE00,Battery utility scale,Storage,Available on market,1078
ERAA 2025 final,2033,ITCA,Battery residential,Storage,Available on market,172
ERAA 2025 final,2033,ITCA,Battery utility scale,Storage,Available on market,592
ERAA 2025 final,2033,ITCA,Electrolyser,Storage,Available on market,210
ERAA 2025 final,2033,ITCN,Battery residential,Storage,Available on market,640
ERAA 2025 final,2033,ITCN,Battery utility scale,Storage,Available on market,69
ERAA 2025 final,2033,ITCN,Electrolyser,Storage,Available on market,201
ERAA 2025 final,2033,ITCS,Battery residential,Storage,Available on market,1067
ERAA 2025 final,2033,ITCS,Battery utility scale,Storage,Available on market,1441
ERAA 2025 final,2033,ITCS,Electrolyser,Storage,Available on market,432
ERAA 2025 final,2033,ITN1,Battery residential,Storage,Available on market,4046
ERAA 2025 final,2033,ITN1,Battery utility scale,Storage,Available on market,1474
ERAA 2025 final,2033,ITN1,Electrolyser,Storage,Available on market,867
ERAA 2025 final,2033,ITS1,Battery residential,Storage,Available on market,344
ERAA 2025 final,2033,ITS1,Battery utility scale,Storage,Available on market,3088
ERAA 2025 final,2033,ITS1,Electrolyser,Storage,Available on market,1485
ERAA 2025 final,2033,ITSA,Battery residential,Storage,Available on market,222
ERAA 2025 final,2033,ITSA,Battery utility scale,Storage,Available on market,2411
ERAA 2025 final,2033,ITSA,Electrolyser,Storage,Available on market,195
ERAA 2025 final,2033,ITSI,Battery residential,Storage,Available on market,416
ERAA 2025 final,2033,ITSI,Battery utility scale,Storage,Available on market,2516
ERAA 2025 final,2033,ITSI,Electrolyser,Storage,Available on market,915
ERAA 2025 final,2033,LT00,Battery utility scale,Storage,Available on market,1650
ERAA 2025 final,2033,LT00,Electrolyser,Storage,Available on market,1300
ERAA 2025 final,2033,LUG1,Electrolyser,Storage,Available on market,26
ERAA 2025 final,2033,LUG1,Battery residential,Storage,Out of market – for PV/battery dispatch optimization,33
ERAA 2025 final,2033,LV00,Battery utility scale,Storage,Available on market,220
ERAA 2025 final,2033,LV00,Electrolyser,Storage,Available on market,1000
ERAA 2025 final,2033,LV00,Battery utility scale,Storage,Out of market - primary purpose ancillary service,80
ERAA 2025 final,2033,MD00,Battery utility scale,Storage,Out of market - primary purpose ancillary service,80
ERAA 2025 final,2033,MK00,Battery utility scale,Storage,Available on market,80
ERAA 2025 final,2033,MT00,Battery utility scale,Storage,Available on market,40
ERAA 2025 final,2033,NL00,Battery residential,Storage,Available on market,2010
ERAA 2025 final,2033,NL00,Battery utility scale,Storage,Available on market,14577
ERAA 2025 final,2033,NL00,Electrolyser,Storage,Available on market,3600
ERAA 2025 final,2033,NL00,Hydrogen,Storage,Available on market,915
ERAA 2025 final,2033,NL00,Power to heat,Storage,Available on market,2605
ERAA 2025 final,2033,NL0A_OFF,Electrolyser,Storage,Available on market,50
ERAA 2025 final,2033,NOM1,Electrolyser,Storage,Available on market,17
ERAA 2025 final,2033,NON1,Electrolyser,Storage,Available on market,51
ERAA 2025 final,2033,NOS2,Electrolyser,Storage,Available on market,108
ERAA 2025 final,2033,PL00,Battery utility scale,Storage,Available on market,6110
ERAA 2025 final,2033,PL00,Electrolyser,Storage,Available on market,2100
ERAA 2025 final,2033,PT00,Battery utility scale,Storage,Available on market,2300
ERAA 2025 final,2033,PT00,Electrolyser,Storage,Available on market,6205
ERAA 2025 final,2033,RO00,Battery utility scale,Storage,Available on market,2000
ERAA 2025 final,2033,RO00,Electrolyser,Storage,Available on market,336
ERAA 2025 final,2033,RS00,Battery utility scale,Storage,Available on market,604
ERAA 2025 final,2033,SE01,Battery utility scale,Storage,Available on market,50
ERAA 2025 final,2033,SE01,Electrolyser,Storage,Available on market,12532
ERAA 2025 final,2033,SE02,Battery utility scale,Storage,Available on market,50
ERAA 2025 final,2033,SE03,Battery utility scale,Storage,Available on market,50
ERAA 2025 final,2033,SE04,Battery utility scale,Storage,Available on market,50
ERAA 2025 final,2033,SI00,Battery residential,Storage,Available on market,348
ERAA 2025 final,2033,SI00,Battery utility scale,Storage,Available on market,80
ERAA 2025 final,2033,SI00,Electrolyser,Storage,Available on market,100
ERAA 2025 final,2033,SI00,Battery utility scale,Storage,Out of market - primary purpose ancillary service,15
ERAA 2025 final,2033,SK00,Battery residential,Storage,Available on market,280
ERAA 2025 final,2033,SK00,Battery utility scale,Storage,Available on market,384
ERAA 2025 final,2033,SK00,Electrolyser,Storage,Available on market,170
ERAA 2025 final,2033,SK00,Battery utility scale,Storage,Out of market - primary purpose ancillary service,87
ERAA 2025 final,2033,UK00,Battery utility scale,Storage,Available on market,25511
ERAA 2025 final,2033,UK00,Electrolyser,Storage,Available on market,1482
ERAA 2025 final,2033,UK00,Hydrogen,Storage,Available on market,303
ERAA 2025 final,2033,UKNI,Battery utility scale,Storage,Available on market,200
ERAA 2025 final,2033,AL00,Natural gas,Thermal,Available on market,300
ERAA 2025 final,2033,AT00,Light oil,Thermal,Available on market,122
ERAA 2025 final,2033,AT00,Natural gas,Thermal,Available on market,2520
ERAA 2025 final,2033,BA00,Lignite,Thermal,Available on market,1518
ERAA 2025 final,2033,BE00,Biofuel,Thermal,Available on market,354
ERAA 2025 final,2033,BE00,Hard coal,Thermal,Available on market,0
ERAA 2025 final,2033,BE00,Heavy oil,Thermal,Available on market,140
ERAA 2025 final,2033,BE00,Natural gas,Thermal,Available on market,6048
ERAA 2025 final,2033,BE00,Nuclear,Thermal,Available on market,2056
ERAA 2025 final,2033,BG00,Hard coal,Thermal,Available on market,168
ERAA 2025 final,2033,BG00,Lignite,Thermal,Available on market,1406
ERAA 2025 final,2033,BG00,Natural gas,Thermal,Available on market,1835
ERAA 2025 final,2033,BG00,Nuclear,Thermal,Available on market,2000
ERAA 2025 final,2033,CH00,Biofuel,Thermal,Available on market,140
ERAA 2025 final,2033,CH00,Natural gas,Thermal,Available on market,544
ERAA 2025 final,2033,CH00,Nuclear,Thermal,Available on market,2595
ERAA 2025 final,2033,CY00,Heavy oil,Thermal,Available on market,98
ERAA 2025 final,2033,CY00,Natural gas,Thermal,Available on market,889
ERAA 2025 final,2033,CZ00,Natural gas,Thermal,Available on market,3888
ERAA 2025 final,2033,CZ00,Nuclear,Thermal,Available on market,4099
ERAA 2025 final,2033,CZ00,Natural gas,Thermal,Out of market - primary purpose ancillary service,106
ERAA 2025 final,2033,DE00,Hard coal,Thermal,Available on market,3455
ERAA 2025 final,2033,DE00,Heavy oil,Thermal,Available on market,668
ERAA 2025 final,2033,DE00,Lignite,Thermal,Available on market,5682
ERAA 2025 final,2033,DE00,Natural gas,Thermal,Available on market,30072
ERAA 2025 final,2033,DKE1,Biofuel,Thermal,Available on market,1190
ERAA 2025 final,2033,DKE1,Hard coal,Thermal,Available on market,0
ERAA 2025 final,2033,DKE1,Heavy oil,Thermal,Available on market,28
ERAA 2025 final,2033,DKE1,Light oil,Thermal,Available on market,549
ERAA 2025 final,2033,DKE1,Natural gas,Thermal,Available on market,205
ERAA 2025 final,2033,DKW1,Biofuel,Thermal,Available on market,495
ERAA 2025 final,2033,DKW1,Hard coal,Thermal,Available on market,17
ERAA 2025 final,2033,DKW1,Light oil,Thermal,Available on market,111
ERAA 2025 final,2033,DKW1,Natural gas,Thermal,Available on market,431
ERAA 2025 final,2033,EE00,Natural gas,Thermal,Available on market,385
ERAA 2025 final,2033,EE00,Shale oil,Thermal,Available on market,272
ERAA 2025 final,2033,ES00,Natural gas,Thermal,Available on market,24560
ERAA 2025 final,2033,ES00,Nuclear,Thermal,Available on market,2049
ERAA 2025 final,2033,ES00,Natural gas,Thermal,Inelastic supply / fixed profile,4207
ERAA 2025 final,2033,FI00,Biofuel,Thermal,Available on market,1228
ERAA 2025 final,2033,FI00,Hard coal,Thermal,Available on market,458
ERAA 2025 final,2033,FI00,Natural gas,Thermal,Available on market,1023
ERAA 2025 final,2033,FI00,Nuclear,Thermal,Available on market,4572
ERAA 2025 final,2033,FI00,Natural gas,Thermal,Mothballed,45
ERAA 2025 final,2033,FR00,Light oil,Thermal,Available on market,1331
ERAA 2025 final,2033,FR00,Natural gas,Thermal,Available on market,10955
ERAA 2025 final,2033,FR00,Nuclear,Thermal,Available on market,63020
ERAA 2025 final,2033,GR00,Natural gas,Thermal,Available on market,7922
ERAA 2025 final,2033,GR03,Light oil,Thermal,Available on market,144
ERAA 2025 final,2033,HR00,Hard coal,Thermal,Available on market,290
ERAA 2025 final,2033,HR00,Natural gas,Thermal,Available on market,700
ERAA 2025 final,2033,HU00,Biofuel,Thermal,Available on market,175
ERAA 2025 final,2033,HU00,Hard coal,Thermal,Available on market,0
ERAA 2025 final,2033,HU00,Light oil,Thermal,Available on market,495
ERAA 2025 final,2033,HU00,Natural gas,Thermal,Available on market,4662
ERAA 2025 final,2033,HU00,Nuclear,Thermal,Available on market,4277
ERAA 2025 final,2033,IE00,Biofuel,Thermal,Available on market,118
ERAA 2025 final,2033,IE00,Light oil,Thermal,Available on market,208
ERAA 2025 final,2033,IE00,Lignite,Thermal,Available on market,0
ERAA 2025 final,2033,IE00,Natural gas,Thermal,Available on market,5776
ERAA 2025 final,2033,ITCA,Natural gas,Thermal,Available on market,3524
ERAA 2025 final,2033,ITCN,Light oil,Thermal,Available on market,23
ERAA 2025 final,2033,ITCN,Natural gas,Thermal,Available on market,2016
ERAA 2025 final,2033,ITCS,Light oil,Thermal,Available on market,96
ERAA 2025 final,2033,ITCS,Natural gas,Thermal,Available on market,7198
ERAA 2025 final,2033,ITN1,Light oil,Thermal,Available on market,15
ERAA 2025 final,2033,ITN1,Natural gas,Thermal,Available on market,27887
ERAA 2025 final,2033,ITS1,Natural gas,Thermal,Available on market,5144
ERAA 2025 final,2033,ITSA,Light oil,Thermal,Available on market,65
ERAA 2025 final,2033,ITSA,Natural gas,Thermal,Available on market,51
ERAA 2025 final,2033,ITSI,Natural gas,Thermal,Available on market,3668
ERAA 2025 final,2033,LT00,Natural gas,Thermal,Available on market,624
ERAA 2025 final,2033,LV00,Natural gas,Thermal,Available on market,1051
ERAA 2025 final,2033,MD00,Hard coal,Thermal,Available on market,550
ERAA 2025 final,2033,MD00,Natural gas,Thermal,Available on market,780
ERAA 2025 final,2033,MD00,Natural gas,Thermal,Inelastic supply / fixed profile,409
ERAA 2025 final,2033,ME00,Lignite,Thermal,Available on market,225
ERAA 2025 final,2033,MK00,Natural gas,Thermal,Available on market,760
ERAA 2025 final,2033,MT00,Natural gas,Thermal,Available on market,505
ERAA 2025 final,2033,NL00,Biofuel,Thermal,Available on market,2211
ERAA 2025 final,2033,NL00,Hard coal,Thermal,Available on market,0
ERAA 2025 final,2033,NL00,Natural gas,Thermal,Available on market,12955
ERAA 2025 final,2033,NL00,Nuclear,Thermal,Available on market,486
ERAA 2025 final,2033,NOS2,Natural gas,Thermal,Available on market,14
ERAA 2025 final,2033,NOS3,Natural gas,Thermal,Available on market,7
ERAA 2025 final,2033,PL00,Hard coal,Thermal,Available on market,8859
ERAA 2025 final,2033,PL00,Lignite,Thermal,Available on market,4559
ERAA 2025 final,2033,PL00,Natural gas,Thermal,Available on market,9083
ERAA 2025 final,2033,PT00,Natural gas,Thermal,Available on market,2839
ERAA 2025 final,2033,PT00,Natural gas,Thermal,Inelastic supply / fixed profile,653
ERAA 2025 final,2033,RO00,Natural gas,Thermal,Available on market,5391
ERAA 2025 final,2033,RO00,Nuclear,Thermal,Available on market,1739
ERAA 2025 final,2033,RS00,Lignite,Thermal,Available on market,5050
ERAA 2025 final,2033,RS00,Natural gas,Thermal,Available on market,401
ERAA 2025 final,2033,SE03,Natural gas,Thermal,Available on market,180
ERAA 2025 final,2033,SE03,Nuclear,Thermal,Available on market,6981
ERAA 2025 final,2033,SI00,Hard coal,Thermal,Available on market,84
ERAA 2025 final,2033,SI00,Lignite,Thermal,Available on market,539
ERAA 2025 final,2033,SI00,Natural gas,Thermal,Available on market,936
ERAA 2025 final,2033,SI00,Nuclear,Thermal,Available on market,700
ERAA 2025 final,2033,SI00,Natural gas,Thermal,Mothballed,58
ERAA 2025 final,2033,SK00,Biofuel,Thermal,Available on market,19
ERAA 2025 final,2033,SK00,Hard coal,Thermal,Available on market,291
ERAA 2025 final,2033,SK00,Heavy oil,Thermal,Available on market,133
ERAA 2025 final,2033,SK00,Lignite,Thermal,Available on market,66
ERAA 2025 final,2033,SK00,Natural gas,Thermal,Available on market,837
ERAA 2025 final,2033,SK00,Nuclear,Thermal,Available on market,2815
ERAA 2025 final,2033,SK00,Natural gas,Thermal,Inelastic supply / fixed profile,125
ERAA 2025 final,2033,SK00,Light oil,Thermal,Out of market - primary purpose ancillary service,109
ERAA 2025 final,2033,SK00,Natural gas,Thermal,Out of market - primary purpose ancillary service,206
ERAA 2025 final,2033,UK00,Heavy oil,Thermal,Available on market,108
ERAA 2025 final,2033,UK00,Natural gas,Thermal,Available on market,30185
ERAA 2025 final,2033,UK00,Nuclear,Thermal,Available on market,4570
ERAA 2025 final,2033,UKNI,Biofuel,Thermal,Available on market,18
ERAA 2025 final,2033,UKNI,Light oil,Thermal,Available on market,390
ERAA 2025 final,2033,UKNI,Lignite,Thermal,Available on market,0
ERAA 2025 final,2033,UKNI,Natural gas,Thermal,Available on market,1777
ERAA 2025 final,2033,AL00,Wind onshore,Wind,Available on market,700
ERAA 2025 final,2033,AT00,Wind onshore,Wind,Available on market,9360
ERAA 2025 final,2033,BA00,Wind onshore,Wind,Available on market,1047
ERAA 2025 final,2033,BE00,Wind offshore fixed,Wind,Available on market,4360
ERAA 2025 final,2033,BE00,Wind onshore,Wind,Available on market,6644
ERAA 2025 final,2033,BG00,Wind offshore fixed,Wind,Available on market,1223
ERAA 2025 final,2033,BG00,Wind onshore,Wind,Available on market,2430
ERAA 2025 final,2033,CH00,Wind onshore,Wind,Available on market,252
ERAA 2025 final,2033,CY00,Wind onshore,Wind,Available on market,170
ERAA 2025 final,2033,CZ00,Wind onshore,Wind,Available on market,2079
ERAA 2025 final,2033,DE00,Wind offshore fixed,Wind,Available on market,42089
ERAA 2025 final,2033,DE00,Wind onshore,Wind,Available on market,129000
ERAA 2025 final,2033,DEKF_OFF,Wind offshore fixed,Wind,Available on market,336
ERAA 2025 final,2033,DKE1,Wind offshore fixed,Wind,Available on market,773
ERAA 2025 final,2033,DKE1,Wind onshore,Wind,Available on market,964
ERAA 2025 final,2033,DKKF_OFF,Wind offshore fixed,Wind,Available on market,605
ERAA 2025 final,2033,DKN1_OFF,Wind offshore fixed,Wind,Available on market,1000
ERAA 2025 final,2033,DKW1,Wind offshore fixed,Wind,Available on market,2872
ERAA 2025 final,2033,DKW1,Wind onshore,Wind,Available on market,6077
ERAA 2025 final,2033,EE00,Wind onshore,Wind,Available on market,2882
ERAA 2025 final,2033,ES00,Wind offshore floating,Wind,Available on market,2800
ERAA 2025 final,2033,ES00,Wind onshore,Wind,Available on market,57316
ERAA 2025 final,2033,FI00,Wind offshore fixed,Wind,Available on market,2000
ERAA 2025 final,2033,FI00,Wind onshore,Wind,Available on market,26402
ERAA 2025 final,2033,FR00,Wind offshore fixed,Wind,Available on market,4580
ERAA 2025 final,2033,FR00,Wind offshore floating,Wind,Available on market,2345
ERAA 2025 final,2033,FR00,Wind onshore,Wind,Available on market,34740
ERAA 2025 final,2033,GR00,Wind offshore floating,Wind,Available on market,1249
ERAA 2025 final,2033,GR00,Wind onshore,Wind,Available on market,8400
ERAA 2025 final,2033,GR03,Wind offshore floating,Wind,Available on market,200
ERAA 2025 final,2033,GR03,Wind onshore,Wind,Available on market,731
ERAA 2025 final,2033,HR00,Wind offshore fixed,Wind,Available on market,510
ERAA 2025 final,2033,HR00,Wind onshore,Wind,Available on market,2010
ERAA 2025 final,2033,HU00,Wind onshore,Wind,Available on market,1090
ERAA 2025 final,2033,IE00,Wind offshore fixed,Wind,Available on market,3118
ERAA 2025 final,2033,IE00,Wind onshore,Wind,Available on market,8350
ERAA 2025 final,2033,ITCA,Wind offshore fixed,Wind,Available on market,112
ERAA 2025 final,2033,ITCA,Wind onshore,Wind,Available on market,2652
ERAA 2025 final,2033,ITCN,Wind offshore fixed,Wind,Available on market,232
ERAA 2025 final,2033,ITCN,Wind onshore,Wind,Available on market,306
ERAA 2025 final,2033,ITCS,Wind offshore fixed,Wind,Available on market,313
ERAA 2025 final,2033,ITCS,Wind onshore,Wind,Available on market,5631
ERAA 2025 final,2033,ITN1,Wind offshore fixed,Wind,Available on market,453
ERAA 2025 final,2033,ITN1,Wind onshore,Wind,Available on market,481
ERAA 2025 final,2033,ITS1,Wind offshore fixed,Wind,Available on market,1421
ERAA 2025 final,2033,ITS1,Wind onshore,Wind,Available on market,10967
ERAA 2025 final,2033,ITSA,Wind offshore fixed,Wind,Available on market,1089
ERAA 2025 final,2033,ITSA,Wind onshore,Wind,Available on market,2728
ERAA 2025 final,2033,ITSI,Wind offshore fixed,Wind,Available on market,1091
ERAA 2025 final,2033,ITSI,Wind onshore,Wind,Available on market,5052
ERAA 2025 final,2033,LT00,Wind offshore fixed,Wind,Available on market,700
ERAA 2025 final,2033,LT00,Wind onshore,Wind,Available on market,5100
ERAA 2025 final,2033,LUG1,Wind onshore,Wind,Available on market,515
ERAA 2025 final,2033,LV00,Wind onshore,Wind,Available on market,580
ERAA 2025 final,2033,MD00,Wind onshore,Wind,Available on market,784
ERAA 2025 final,2033,ME00,Wind onshore,Wind,Available on market,313
ERAA 2025 final,2033,MK00,Wind onshore,Wind,Available on market,274
ERAA 2025 final,2033,MT00,Wind offshore floating,Wind,Available on market,300
ERAA 2025 final,2033,NL00,Wind offshore fixed,Wind,Available on market,18824
ERAA 2025 final,2033,NL00,Wind onshore,Wind,Available on market,8842
ERAA 2025 final,2033,NL0A_OFF,Wind offshore fixed,Wind,Available on market,50
ERAA 2025 final,2033,NL0J_OFF,Wind offshore fixed,Wind,Available on market,2000
ERAA 2025 final,2033,NL0U_OFF,Wind offshore fixed,Wind,Available on market,700
ERAA 2025 final,2033,NLLL_OFF,Wind offshore fixed,Wind,Available on market,2000
ERAA 2025 final,2033,NOM1,Wind onshore,Wind,Available on market,2381
ERAA 2025 final,2033,NON1,Wind onshore,Wind,Available on market,1377
ERAA 2025 final,2033,NOS1,Wind onshore,Wind,Available on market,406
ERAA 2025 final,2033,NOS2,Wind onshore,Wind,Available on market,1273
ERAA 2025 final,2033,NOS3,Wind onshore,Wind,Available on market,160
ERAA 2025 final,2033,PL00,Wind offshore fixed,Wind,Available on market,9711
ERAA 2025 final,2033,PL00,Wind onshore,Wind,Available on market,21437
ERAA 2025 final,2033,PT00,Wind offshore floating,Wind,Available on market,4000
ERAA 2025 final,2033,PT00,Wind onshore,Wind,Available on market,10188
ERAA 2025 final,2033,RO00,Wind onshore,Wind,Available on market,7500
ERAA 2025 final,2033,RS00,Wind onshore,Wind,Available on market,6531
ERAA 2025 final,2033,SE01,Wind onshore,Wind,Available on market,5337
ERAA 2025 final,2033,SE02,Wind onshore,Wind,Available on market,8707
ERAA 2025 final,2033,SE03,Wind offshore fixed,Wind,Available on market,633
ERAA 2025 final,2033,SE03,Wind onshore,Wind,Available on market,5629
ERAA 2025 final,2033,SE04,Wind offshore fixed,Wind,Available on market,951
ERAA 2025 final,2033,SE04,Wind onshore,Wind,Available on market,2725
ERAA 2025 final,2033,SI00,Wind onshore,Wind,Available on market,96
ERAA 2025 final,2033,SK00,Wind onshore,Wind,Available on market,750
ERAA 2025 final,2033,UK00,Wind offshore fixed,Wind,Available on market,62679
ERAA 2025 final,2033,UK00,Wind offshore floating,Wind,Available on market,400
ERAA 2025 final,2033,UK00,Wind onshore,Wind,Available on market,28536
ERAA 2025 final,2033,UKNI,Wind offshore fixed,Wind,Available on market,500
ERAA 2025 final,2033,UKNI,Wind onshore,Wind,Available on market,2510
ERAA 2025 final,2035,AL00,EV - iDSR,DSR,Available on market,0
ERAA 2025 final,2035,AL00,HP - iDSR,DSR,Available on market,0
ERAA 2025 final,2035,AT00,DSR,DSR,Available on market,800
ERAA 2025 final,2035,AT00,EV - iDSR,DSR,Available on market,0
ERAA 2025 final,2035,AT00,HP - iDSR,DSR,Available on market,0
ERAA 2025 final,2035,BA00,EV - iDSR,DSR,Available on market,0
ERAA 2025 final,2035,BA00,HP - iDSR,DSR,Available on market,0
ERAA 2025 final,2035,BE00,DSR,DSR,Available on market,2734
ERAA 2025 final,2035,BE00,EV - iDSR,DSR,Available on market,602
ERAA 2025 final,2035,BE00,HP - iDSR,DSR,Available on market,213
ERAA 2025 final,2035,BG00,EV - iDSR,DSR,Available on market,0
ERAA 2025 final,2035,BG00,HP - iDSR,DSR,Available on market,0
ERAA 2025 final,2035,CH00,EV - iDSR,DSR,Available on market,2302
ERAA 2025 final,2035,CH00,HP - iDSR,DSR,Available on market,10558
ERAA 2025 final,2035,CY00,EV - iDSR,DSR,Available on market,0
ERAA 2025 final,2035,CY00,HP - iDSR,DSR,Available on market,0
ERAA 2025 final,2035,CZ00,DSR,DSR,Available on market,190
ERAA 2025 final,2035,CZ00,EV - iDSR,DSR,Available on market,0
ERAA 2025 final,2035,CZ00,HP - iDSR,DSR,Available on market,0
ERAA 2025 final,2035,DE00,DSR,DSR,Available on market,1733
ERAA 2025 final,2035,DE00,EV - iDSR,DSR,Available on market,22389
ERAA 2025 final,2035,DE00,HP - iDSR,DSR,Available on market,2435
ERAA 2025 final,2035,DKE1,EV - iDSR,DSR,Available on market,0
ERAA 2025 final,2035,DKE1,HP - iDSR,DSR,Available on market,0
ERAA 2025 final,2035,DKW1,EV - iDSR,DSR,Available on market,0
ERAA 2025 final,2035,DKW1,HP - iDSR,DSR,Available on market,0
ERAA 2025 final,2035,EE00,DSR,DSR,Available on market,260
ERAA 2025 final,2035,EE00,EV - iDSR,DSR,Available on market,0
ERAA 2025 final,2035,EE00,HP - iDSR,DSR,Available on market,0
ERAA 2025 final,2035,ES00,EV - iDSR,DSR,Available on market,0
ERAA 2025 final,2035,ES00,HP - iDSR,DSR,Available on market,0
ERAA 2025 final,2035,ES00,DSR,DSR,Out of market - primary purpose ancillary service,1148
ERAA 2025 final,2035,FI00,DSR,DSR,Available on market,2490
ERAA 2025 final,2035,FI00,EV - iDSR,DSR,Available on market,7715
ERAA 2025 final,2035,FI00,HP - iDSR,DSR,Available on market,615
ERAA 2025 final,2035,FR00,DSR,DSR,Available on market,6600
ERAA 2025 final,2035,FR00,EV - iDSR,DSR,Available on market,441
ERAA 2025 final,2035,FR00,HP - iDSR,DSR,Available on market,0
ERAA 2025 final,2035,GR00,DSR,DSR,Available on market,350
ERAA 2025 final,2035,GR00,EV - iDSR,DSR,Available on market,0
ERAA 2025 final,2035,GR00,HP - iDSR,DSR,Available on market,0
ERAA 2025 final,2035,GR03,EV - iDSR,DSR,Available on market,0
ERAA 2025 final,2035,GR03,HP - iDSR,DSR,Available on market,0
ERAA 2025 final,2035,HR00,DSR,DSR,Available on market,87
ERAA 2025 final,2035,HR00,EV - iDSR,DSR,Available on market,0
ERAA 2025 final,2035,HR00,HP - iDSR,DSR,Available on market,0
ERAA 2025 final,2035,HU00,EV - iDSR,DSR,Available on market,0
ERAA 2025 final,2035,HU00,HP - iDSR,DSR,Available on market,0
ERAA 2025 final,2035,IE00,DSR,DSR,Available on market,860
ERAA 2025 final,2035,IE00,EV - iDSR,DSR,Available on market,0
ERAA 2025 final,2035,IE00,HP - iDSR,DSR,Available on market,0
ERAA 2025 final,2035,ITCA,DSR,DSR,Available on market,37
ERAA 2025 final,2035,ITCA,EV - iDSR,DSR,Available on market,0
ERAA 2025 final,2035,ITCA,HP - iDSR,DSR,Available on market,0
ERAA 2025 final,2035,ITCN,DSR,DSR,Available on market,189
ERAA 2025 final,2035,ITCN,EV - iDSR,DSR,Available on market,0
ERAA 2025 final,2035,ITCN,HP - iDSR,DSR,Available on market,0
ERAA 2025 final,2035,ITCS,DSR,DSR,Available on market,192
ERAA 2025 final,2035,ITCS,EV - iDSR,DSR,Available on market,0
ERAA 2025 final,2035,ITCS,HP - iDSR,DSR,Available on market,0
ERAA 2025 final,2035,ITN1,DSR,DSR,Available on market,1429
ERAA 2025 final,2035,ITN1,EV - iDSR,DSR,Available on market,0
ERAA 2025 final,2035,ITN1,HP - iDSR,DSR,Available on market,0
ERAA 2025 final,2035,ITS1,DSR,DSR,Available on market,100
ERAA 2025 final,2035,ITS1,EV - iDSR,DSR,Available on market,0
ERAA 2025 final,2035,ITS1,HP - iDSR,DSR,Available on market,0
ERAA 2025 final,2035,ITSA,DSR,DSR,Available on market,10
ERAA 2025 final,2035,ITSA,EV - iDSR,DSR,Available on market,0
ERAA 2025 final,2035,ITSA,HP - iDSR,DSR,Available on market,0
ERAA 2025 final,2035,ITSI,DSR,DSR,Available on market,44
ERAA 2025 final,2035,ITSI,EV - iDSR,DSR,Available on market,0
ERAA 2025 final,2035,ITSI,HP - iDSR,DSR,Available on market,0
ERAA 2025 final,2035,LT00,DSR,DSR,Available on market,40
ERAA 2025 final,2035,LT00,EV - iDSR,DSR,Available on market,0
ERAA 2025 final,2035,LT00,HP - iDSR,DSR,Available on market,0
ERAA 2025 final,2035,LUG1,EV - iDSR,DSR,Available on market,0
ERAA 2025 final,2035,LUG1,HP - iDSR,DSR,Available on market,0
ERAA 2025 final,2035,LV00,DSR,DSR,Available on market,150
ERAA 2025 final,2035,LV00,EV - iDSR,DSR,Available on market,0
ERAA 2025 final,2035,LV00,HP - iDSR,DSR,Available on market,0
ERAA 2025 final,2035,MD00,EV - iDSR,DSR,Available on market,55
ERAA 2025 final,2035,MD00,HP - iDSR,DSR,Available on market,0
ERAA 2025 final,2035,ME00,EV - iDSR,DSR,Available on market,0
ERAA 2025 final,2035,ME00,HP - iDSR,DSR,Available on market,0
ERAA 2025 final,2035,MK00,EV - iDSR,DSR,Available on market,0
ERAA 2025 final,2035,MK00,HP - iDSR,DSR,Available on market,0
ERAA 2025 final,2035,MT00,EV - iDSR,DSR,Available on market,0
ERAA 2025 final,2035,MT00,HP - iDSR,DSR,Available on market,0
ERAA 2025 final,2035,NL00,DSR,DSR,Available on market,1930
ERAA 2025 final,2035,NL00,EV - iDSR,DSR,Available on market,0
ERAA 2025 final,2035,NL00,HP - iDSR,DSR,Available on market,0
ERAA 2025 final,2035,NOM1,EV - iDSR,DSR,Available on market,0
ERAA 2025 final,2035,NOM1,HP - iDSR,DSR,Available on market,0
ERAA 2025 final,2035,NON1,EV - iDSR,DSR,Available on market,0
ERAA 2025 final,2035,NON1,HP - iDSR,DSR,Available on market,0
ERAA 2025 final,2035,NOS1,EV - iDSR,DSR,Available on market,0
ERAA 2025 final,2035,NOS1,HP - iDSR,DSR,Available on market,0
ERAA 2025 final,2035,NOS2,EV - iDSR,DSR,Available on market,0
ERAA 2025 final,2035,NOS2,HP - iDSR,DSR,Available on market,0
ERAA 2025 final,2035,NOS3,EV - iDSR,DSR,Available on market,0
ERAA 2025 final,2035,NOS3,HP - iDSR,DSR,Available on market,0
ERAA 2025 final,2035,PL00,EV - iDSR,DSR,Available on market,0
ERAA 2025 final,2035,PL00,HP - iDSR,DSR,Available on market,0
ERAA 2025 final,2035,PT00,EV - iDSR,DSR,Available on market,0
ERAA 2025 final,2035,PT00,HP - iDSR,DSR,Available on market,0
ERAA 2025 final,2035,RO00,EV - iDSR,DSR,Available on market,0
ERAA 2025 final,2035,RO00,HP - iDSR,DSR,Available on market,0
ERAA 2025 final,2035,RS00,EV - iDSR,DSR,Available on market,0
ERAA 2025 final,2035,RS00,HP - iDSR,DSR,Available on market,0
ERAA 2025 final,2035,SE01,DSR,DSR,Available on market,363
ERAA 2025 final,2035,SE01,EV - iDSR,DSR,Available on market,0
ERAA 2025 final,2035,SE01,HP - iDSR,DSR,Available on market,0
ERAA 2025 final,2035,SE02,DSR,DSR,Available on market,519
ERAA 2025 final,2035,SE02,EV - iDSR,DSR,Available on market,0
ERAA 2025 final,2035,SE02,HP - iDSR,DSR,Available on market,0
ERAA 2025 final,2035,SE03,DSR,DSR,Available on market,2785
ERAA 2025 final,2035,SE03,EV - iDSR,DSR,Available on market,0
ERAA 2025 final,2035,SE03,HP - iDSR,DSR,Available on market,0
ERAA 2025 final,2035,SE04,DSR,DSR,Available on market,798
ERAA 2025 final,2035,SE04,EV - iDSR,DSR,Available on market,0
ERAA 2025 final,2035,SE04,HP - iDSR,DSR,Available on market,0
ERAA 2025 final,2035,SI00,DSR,DSR,Available on market,60
ERAA 2025 final,2035,SI00,EV - iDSR,DSR,Available on market,0
ERAA 2025 final,2035,SI00,HP - iDSR,DSR,Available on market,0
ERAA 2025 final,2035,SK00,EV - iDSR,DSR,Available on market,0
ERAA 2025 final,2035,SK00,HP - iDSR,DSR,Available on market,0
ERAA 2025 final,2035,UK00,DSR,DSR,Available on market,12755
ERAA 2025 final,2035,UK00,EV - iDSR,DSR,Available on market,0
ERAA 2025 final,2035,UK00,HP - iDSR,DSR,Available on market,0
ERAA 2025 final,2035,UKNI,DSR,DSR,Available on market,170
ERAA 2025 final,2035,UKNI,EV - iDSR,DSR,Available on market,0
ERAA 2025 final,2035,UKNI,HP - iDSR,DSR,Available on market,0
ERAA 2025 final,2035,AL00,Reservoir,Hydro,Available on market,2032
ERAA 2025 final,2035,AL00,Run of river,Hydro,Available on market,535
ERAA 2025 final,2035,AT00,Closed loop pumping,Hydro,Available on market,300
ERAA 2025 final,2035,AT00,Open loop pumping,Hydro,Available on market,7242
ERAA 2025 final,2035,AT00,Pondage,Hydro,Available on market,1150
ERAA 2025 final,2035,AT00,Reservoir,Hydro,Available on market,2559
ERAA 2025 final,2035,AT00,Run of river,Hydro,Available on market,5415
ERAA 2025 final,2035,BA00,Open loop pumping,Hydro,Available on market,440
ERAA 2025 final,2035,BA00,Pondage,Hydro,Available on market,228
ERAA 2025 final,2035,BA00,Reservoir,Hydro,Available on market,1616
ERAA 2025 final,2035,BA00,Run of river,Hydro,Available on market,32
ERAA 2025 final,2035,BE00,Closed loop pumping,Hydro,Available on market,1305
ERAA 2025 final,2035,BE00,Run of river,Hydro,Available on market,162
ERAA 2025 final,2035,BG00,Closed loop pumping,Hydro,Available on market,864
ERAA 2025 final,2035,BG00,Open loop pumping,Hydro,Available on market,935
ERAA 2025 final,2035,BG00,Reservoir,Hydro,Available on market,1281
ERAA 2025 final,2035,BG00,Run of river,Hydro,Available on market,536
ERAA 2025 final,2035,CH00,Closed loop pumping,Hydro,Available on market,1900
ERAA 2025 final,2035,CH00,Open loop pumping,Hydro,Available on market,3290
ERAA 2025 final,2035,CH00,Reservoir,Hydro,Available on market,8730
ERAA 2025 final,2035,CH00,Run of river,Hydro,Available on market,4263
ERAA 2025 final,2035,CY00,Closed loop pumping,Hydro,Available on market,80
ERAA 2025 final,2035,CZ00,Closed loop pumping,Hydro,Available on market,678
ERAA 2025 final,2035,CZ00,Open loop pumping,Hydro,Available on market,654
ERAA 2025 final,2035,CZ00,Reservoir,Hydro,Available on market,520
ERAA 2025 final,2035,CZ00,Run of river,Hydro,Available on market,415
ERAA 2025 final,2035,DE00,Closed loop pumping,Hydro,Available on market,7293
ERAA 2025 final,2035,DE00,Open loop pumping,Hydro,Available on market,2232
ERAA 2025 final,2035,DE00,Reservoir,Hydro,Available on market,1008
ERAA 2025 final,2035,DE00,Run of river,Hydro,Available on market,3934
ERAA 2025 final,2035,ES00,Closed loop pumping,Hydro,Available on market,4011
ERAA 2025 final,2035,ES00,Open loop pumping,Hydro,Available on market,3157
ERAA 2025 final,2035,ES00,Reservoir,Hydro,Available on market,11536
ERAA 2025 final,2035,ES00,Run of river,Hydro,Available on market,3118
ERAA 2025 final,2035,FI00,Reservoir,Hydro,Available on market,3237
ERAA 2025 final,2035,FR00,Closed loop pumping,Hydro,Available on market,1895
ERAA 2025 final,2035,FR00,Open loop pumping,Hydro,Available on market,2305
ERAA 2025 final,2035,FR00,Reservoir,Hydro,Available on market,9849
ERAA 2025 final,2035,FR00,Run of river,Hydro,Available on market,11600
ERAA 2025 final,2035,GR00,Closed loop pumping,Hydro,Available on market,1150
ERAA 2025 final,2035,GR00,Open loop pumping,Hydro,Available on market,699
ERAA 2025 final,2035,GR00,Pondage,Hydro,Available on market,22
ERAA 2025 final,2035,GR00,Reservoir,Hydro,Available on market,3482
ERAA 2025 final,2035,GR00,Run of river,Hydro,Available on market,367
ERAA 2025 final,2035,HR00,Open loop pumping,Hydro,Available on market,282
ERAA 2025 final,2035,HR00,Pondage,Hydro,Available on market,313
ERAA 2025 final,2035,HR00,Reservoir,Hydro,Available on market,1423
ERAA 2025 final,2035,HR00,Run of river,Hydro,Available on market,65
ERAA 2025 final,2035,HU00,Run of river,Hydro,Available on market,63
ERAA 2025 final,2035,IE00,Closed loop pumping,Hydro,Available on market,292
ERAA 2025 final,2035,IE00,Run of river,Hydro,Available on market,215
ERAA 2025 final,2035,ITCA,Reservoir,Hydro,Available on market,699
ERAA 2025 final,2035,ITCA,Run of river,Hydro,Available on market,118
ERAA 2025 final,2035,ITCN,Reservoir,Hydro,Available on market,374
ERAA 2025 final,2035,ITCN,Run of river,Hydro,Available on market,308
ERAA 2025 final,2035,ITCS,Closed loop pumping,Hydro,Available on market,985
ERAA 2025 final,2035,ITCS,Open loop pumping,Hydro,Available on market,742
ERAA 2025 final,2035,ITCS,Reservoir,Hydro,Available on market,961
ERAA 2025 final,2035,ITCS,Run of river,Hydro,Available on market,680
ERAA 2025 final,2035,ITN1,Closed loop pumping,Hydro,Available on market,2380
ERAA 2025 final,2035,ITN1,Open loop pumping,Hydro,Available on market,2755
ERAA 2025 final,2035,ITN1,Reservoir,Hydro,Available on market,6075
ERAA 2025 final,2035,ITN1,Run of river,Hydro,Available on market,5663
ERAA 2025 final,2035,ITS1,Reservoir,Hydro,Available on market,230
ERAA 2025 final,2035,ITSA,Closed loop pumping,Hydro,Available on market,240
ERAA 2025 final,2035,ITSA,Reservoir,Hydro,Available on market,142
ERAA 2025 final,2035,ITSA,Run of river,Hydro,Available on market,77
ERAA 2025 final,2035,ITSI,Closed loop pumping,Hydro,Available on market,500
ERAA 2025 final,2035,ITSI,Open loop pumping,Hydro,Available on market,80
ERAA 2025 final,2035,ITSI,Reservoir,Hydro,Available on market,37
ERAA 2025 final,2035,ITSI,Run of river,Hydro,Available on market,92
ERAA 2025 final,2035,LT00,Closed loop pumping,Hydro,Available on market,938
ERAA 2025 final,2035,LT00,Run of river,Hydro,Available on market,127
ERAA 2025 final,2035,LUG1,Run of river,Hydro,Available on market,27
ERAA 2025 final,2035,LUV1,Closed loop pumping,Hydro,Available on market,1300
ERAA 2025 final,2035,LV00,Pondage,Hydro,Available on market,1592
ERAA 2025 final,2035,MD00,Run of river,Hydro,Available on market,17
ERAA 2025 final,2035,MD00,Run of river,Hydro,Inelastic supply / fixed profile,48
ERAA 2025 final,2035,ME00,Reservoir,Hydro,Available on market,706
ERAA 2025 final,2035,ME00,Run of river,Hydro,Available on market,581
ERAA 2025 final,2035,MK00,Open loop pumping,Hydro,Available on market,333
ERAA 2025 final,2035,MK00,Reservoir,Hydro,Available on market,539
ERAA 2025 final,2035,MK00,Run of river,Hydro,Available on market,231
ERAA 2025 final,2035,NL00,Run of river,Hydro,Available on market,37
ERAA 2025 final,2035,NOM1,Open loop pumping,Hydro,Available on market,66
ERAA 2025 final,2035,NOM1,Reservoir,Hydro,Available on market,3215
ERAA 2025 final,2035,NOM1,Run of river,Hydro,Available on market,1832
ERAA 2025 final,2035,NON1,Reservoir,Hydro,Available on market,4750
ERAA 2025 final,2035,NON1,Run of river,Hydro,Available on market,687
ERAA 2025 final,2035,NOS1,Reservoir,Hydro,Available on market,5167
ERAA 2025 final,2035,NOS1,Run of river,Hydro,Available on market,7130
ERAA 2025 final,2035,NOS2,Open loop pumping,Hydro,Available on market,249
ERAA 2025 final,2035,NOS2,Reservoir,Hydro,Available on market,7932
ERAA 2025 final,2035,NOS2,Run of river,Hydro,Available on market,5327
ERAA 2025 final,2035,NOS3,Open loop pumping,Hydro,Available on market,419
ERAA 2025 final,2035,NOS3,Reservoir,Hydro,Available on market,5511
ERAA 2025 final,2035,NOS3,Run of river,Hydro,Available on market,685
ERAA 2025 final,2035,PL00,Closed loop pumping,Hydro,Available on market,1279
ERAA 2025 final,2035,PL00,Open loop pumping,Hydro,Available on market,118
ERAA 2025 final,2035,PL00,Reservoir,Hydro,Available on market,425
ERAA 2025 final,2035,PL00,Run of river,Hydro,Available on market,524
ERAA 2025 final,2035,PT00,Open loop pumping,Hydro,Available on market,4469
ERAA 2025 final,2035,PT00,Pondage,Hydro,Available on market,280
ERAA 2025 final,2035,PT00,Reservoir,Hydro,Available on market,3136
ERAA 2025 final,2035,PT00,Run of river,Hydro,Available on market,508
ERAA 2025 final,2035,PT00,Marine,Hydro,Inelastic supply / fixed profile,201
ERAA 2025 final,2035,RO00,Closed loop pumping,Hydro,Available on market,800
ERAA 2025 final,2035,RO00,Reservoir,Hydro,Available on market,2695
ERAA 2025 final,2035,RO00,Run of river,Hydro,Available on market,3827
ERAA 2025 final,2035,RO00,Run of river,Hydro,Mothballed,16
ERAA 2025 final,2035,RS00,Closed loop pumping,Hydro,Available on market,1270
ERAA 2025 final,2035,RS00,Reservoir,Hydro,Available on market,435
ERAA 2025 final,2035,RS00,Run of river,Hydro,Available on market,2071
ERAA 2025 final,2035,SE01,Reservoir,Hydro,Available on market,5444
ERAA 2025 final,2035,SE02,Reservoir,Hydro,Available on market,7650
ERAA 2025 final,2035,SE03,Reservoir,Hydro,Available on market,2286
ERAA 2025 final,2035,SE04,Reservoir,Hydro,Available on market,237
ERAA 2025 final,2035,SI00,Open loop pumping,Hydro,Available on market,730
ERAA 2025 final,2035,SI00,Pondage,Hydro,Available on market,1074
ERAA 2025 final,2035,SI00,Run of river,Hydro,Available on market,143
ERAA 2025 final,2035,SK00,Closed loop pumping,Hydro,Available on market,685
ERAA 2025 final,2035,SK00,Open loop pumping,Hydro,Available on market,276
ERAA 2025 final,2035,SK00,Pondage,Hydro,Available on market,203
ERAA 2025 final,2035,SK00,Reservoir,Hydro,Available on market,21
ERAA 2025 final,2035,SK00,Run of river,Hydro,Available on market,1423
ERAA 2025 final,2035,UK00,Closed loop pumping,Hydro,Available on market,4116
ERAA 2025 final,2035,UK00,Marine,Hydro,Available on market,422
ERAA 2025 final,2035,UK00,Run of river,Hydro,Available on market,2009
ERAA 2025 final,2035,UKNI,Run of river,Hydro,Available on market,6
ERAA 2025 final,2035,AT00,Small biomass,Others RES,Available on market,659
ERAA 2025 final,2035,AT00,Waste,Others RES,Available on market,108
ERAA 2025 final,2035,BE00,Small biomass,Others RES,Available on market,567
ERAA 2025 final,2035,BE00,Waste,Others RES,Available on market,30
ERAA 2025 final,2035,BG00,Small biomass,Others RES,Available on market,166
ERAA 2025 final,2035,CH00,Geothermal,Others RES,Available on market,10
ERAA 2025 final,2035,CH00,Small biomass,Others RES,Available on market,69
ERAA 2025 final,2035,CH00,Waste,Others RES,Available on market,220
ERAA 2025 final,2035,CY00,Waste,Others RES,Available on market,50
ERAA 2025 final,2035,CZ00,Small biomass,Others RES,Available on market,834
ERAA 2025 final,2035,CZ00,Waste,Others RES,Available on market,286
ERAA 2025 final,2035,DE00,Small biomass,Others RES,Inelastic supply / fixed profile,8500
ERAA 2025 final,2035,DE00,Waste,Others RES,Inelastic supply / fixed profile,1938
ERAA 2025 final,2035,EE00,Small biomass,Others RES,Available on market,119
ERAA 2025 final,2035,EE00,Waste,Others RES,Available on market,17
ERAA 2025 final,2035,ES00,Small biomass,Others RES,Available on market,1963
ERAA 2025 final,2035,FI00,Small biomass,Others RES,Available on market,1565
ERAA 2025 final,2035,FI00,Waste,Others RES,Available on market,153
ERAA 2025 final,2035,FR00,Small biomass,Others RES,Available on market,1490
ERAA 2025 final,2035,FR00,Waste,Others RES,Available on market,449
ERAA 2025 final,2035,GR00,Small biomass,Others RES,Available on market,76
ERAA 2025 final,2035,GR03,Small biomass,Others RES,Available on market,3
ERAA 2025 final,2035,HR00,Geothermal,Others RES,Available on market,158
ERAA 2025 final,2035,HR00,Small biomass,Others RES,Available on market,246
ERAA 2025 final,2035,HU00,Geothermal,Others RES,Available on market,116
ERAA 2025 final,2035,HU00,Small biomass,Others RES,Available on market,157
ERAA 2025 final,2035,HU00,Waste,Others RES,Available on market,37
ERAA 2025 final,2035,IE00,Waste,Others RES,Available on market,78
ERAA 2025 final,2035,ITCA,Small biomass,Others RES,Available on market,172
ERAA 2025 final,2035,ITCA,Waste,Others RES,Available on market,21
ERAA 2025 final,2035,ITCN,Geothermal,Others RES,Available on market,1000
ERAA 2025 final,2035,ITCN,Small biomass,Others RES,Available on market,135
ERAA 2025 final,2035,ITCN,Waste,Others RES,Available on market,32
ERAA 2025 final,2035,ITCS,Small biomass,Others RES,Available on market,278
ERAA 2025 final,2035,ITCS,Waste,Others RES,Available on market,180
ERAA 2025 final,2035,ITN1,Small biomass,Others RES,Available on market,1219
ERAA 2025 final,2035,ITN1,Waste,Others RES,Available on market,512
ERAA 2025 final,2035,ITS1,Small biomass,Others RES,Available on market,377
ERAA 2025 final,2035,ITS1,Waste,Others RES,Available on market,50
ERAA 2025 final,2035,ITSA,Small biomass,Others RES,Available on market,94
ERAA 2025 final,2035,ITSA,Waste,Others RES,Available on market,24
ERAA 2025 final,2035,ITSI,Small biomass,Others RES,Available on market,94
ERAA 2025 final,2035,ITSI,Waste,Others RES,Available on market,8
ERAA 2025 final,2035,LT00,Small biomass,Others RES,Available on market,150
ERAA 2025 final,2035,LT00,Waste,Others RES,Available on market,60
ERAA 2025 final,2035,LUG1,Small biomass,Others RES,Available on market,111
ERAA 2025 final,2035,LV00,Small biomass,Others RES,Available on market,166
ERAA 2025 final,2035,MD00,Small biomass,Others RES,Available on market,3
ERAA 2025 final,2035,MK00,Small biomass,Others RES,Available on market,31
ERAA 2025 final,2035,NL00,Small biomass,Others RES,Available on market,350
ERAA 2025 final,2035,NL00,Small biomass,Others RES,Inelastic supply / fixed profile,314
ERAA 2025 final,2035,NL00,Waste,Others RES,Inelastic supply / fixed profile,540
ERAA 2025 final,2035,PL00,Small biomass,Others RES,Inelastic supply / fixed profile,1642
ERAA 2025 final,2035,PL00,Waste,Others RES,Inelastic supply / fixed profile,149
ERAA 2025 final,2035,PT00,Small biomass,Others RES,Inelastic supply / fixed profile,1290
ERAA 2025 final,2035,PT00,Waste,Others RES,Inelastic supply / fixed profile,89
ERAA 2025 final,2035,RO00,Small biomass,Others RES,Available on market,200
ERAA 2025 final,2035,RS00,Waste,Others RES,Available on market,30
ERAA 2025 final,2035,SE01,Small biomass,Others RES,Available on market,179
ERAA 2025 final,2035,SE01,Waste,Others RES,Available on market,15
ERAA 2025 final,2035,SE02,Small biomass,Others RES,Available on market,746
ERAA 2025 final,2035,SE02,Waste,Others RES,Available on market,19
ERAA 2025 final,2035,SE03,Small biomass,Others RES,Available on market,1902
ERAA 2025 final,2035,SE03,Waste,Others RES,Available on market,343
ERAA 2025 final,2035,SE04,Small biomass,Others RES,Available on market,661
ERAA 2025 final,2035,SE04,Waste,Others RES,Available on market,73
ERAA 2025 final,2035,SI00,Small biomass,Others RES,Inelastic supply / fixed profile,75
ERAA 2025 final,2035,SK00,Geothermal,Others RES,Inelastic supply / fixed profile,12
ERAA 2025 final,2035,SK00,Small biomass,Others RES,Inelastic supply / fixed profile,124
ERAA 2025 final,2035,SK00,Waste,Others RES,Inelastic supply / fixed profile,181
ERAA 2025 final,2035,UK00,Small biomass,Others RES,Available on market,5098
ERAA 2025 final,2035,UK00,Waste,Others RES,Available on market,3216
ERAA 2025 final,2035,AL00,Solar PV utility non-tracking,Solar,Available on market,5
ERAA 2025 final,2035,AL00,Solar PV utility tracking,Solar,Available on market,1395
ERAA 2025 final,2035,AT00,Solar PV utility non-tracking,Solar,Available on market,20500
ERAA 2025 final,2035,AT00,Solar PV rooftop residential,Solar,Out of market – for PV/battery dispatch optimization,10500
ERAA 2025 final,2035,BA00,Solar PV utility non-tracking,Solar,Available on market,1945
ERAA 2025 final,2035,BE00,Solar PV rooftop residential,Solar,Available on market,20088
ERAA 2025 final,2035,BG00,Solar PV utility non-tracking,Solar,Available on market,9451
ERAA 2025 final,2035,CH00,Solar PV utility non-tracking,Solar,Available on market,580
ERAA 2025 final,2035,CH00,Solar PV rooftop industrial,Solar,Out of market – for PV/battery dispatch optimization,14457
ERAA 2025 final,2035,CH00,Solar PV rooftop residential,Solar,Out of market – for PV/battery dispatch optimization,9638
ERAA 2025 final,2035,CY00,Solar PV rooftop industrial,Solar,Available on market,98
ERAA 2025 final,2035,CY00,Solar PV rooftop residential,Solar,Available on market,557
ERAA 2025 final,2035,CY00,Solar PV utility non-tracking,Solar,Available on market,1189
ERAA 2025 final,2035,CY00,Solar PV utility tracking,Solar,Available on market,63
ERAA 2025 final,2035,CZ00,Solar PV rooftop residential,Solar,Available on market,553
ERAA 2025 final,2035,CZ00,Solar PV utility non-tracking,Solar,Available on market,10512
ERAA 2025 final,2035,DE00,Solar PV rooftop industrial,Solar,Available on market,53520
ERAA 2025 final,2035,DE00,Solar PV rooftop residential,Solar,Available on market,58554
ERAA 2025 final,2035,DE00,Solar PV utility non-tracking,Solar,Available on market,136354
ERAA 2025 final,2035,DE00,Solar PV rooftop residential,Solar,Out of market – for PV/battery dispatch optimization,60572
ERAA 2025 final,2035,DKE1,Solar PV rooftop industrial,Solar,Available on market,1606
ERAA 2025 final,2035,DKE1,Solar PV rooftop residential,Solar,Available on market,1155
ERAA 2025 final,2035,DKE1,Solar PV utility non-tracking,Solar,Available on market,4763
ERAA 2025 final,2035,DKE1,Solar PV utility tracking,Solar,Available on market,1412
ERAA 2025 final,2035,DKW1,Solar PV rooftop industrial,Solar,Available on market,2416
ERAA 2025 final,2035,DKW1,Solar PV rooftop residential,Solar,Available on market,1925
ERAA 2025 final,2035,DKW1,Solar PV utility non-tracking,Solar,Available on market,14155
ERAA 2025 final,2035,DKW1,Solar PV utility tracking,Solar,Available on market,4125
ERAA 2025 final,2035,EE00,Solar PV utility non-tracking,Solar,Available on market,1600
ERAA 2025 final,2035,ES00,Solar PV rooftop residential,Solar,Available on market,23833
ERAA 2025 final,2035,ES00,Solar PV utility non-tracking,Solar,Available on market,25683
ERAA 2025 final,2035,ES00,Solar PV utility tracking,Solar,Available on market,36049
ERAA 2025 final,2035,ES00,Solar thermal with storage,Solar,Available on market,3534
ERAA 2025 final,2035,ES00,Solar thermal without storage,Solar,Available on market,1271
ERAA 2025 final,2035,FI00,Solar PV rooftop residential,Solar,Available on market,4218
ERAA 2025 final,2035,FI00,Solar PV utility non-tracking,Solar,Available on market,11731
ERAA 2025 final,2035,FR00,Solar PV rooftop industrial,Solar,Available on market,19592
ERAA 2025 final,2035,FR00,Solar PV rooftop residential,Solar,Available on market,12008
ERAA 2025 final,2035,FR00,Solar PV utility non-tracking,Solar,Available on market,31600
ERAA 2025 final,2035,GR00,Solar PV rooftop industrial,Solar,Available on market,154
ERAA 2025 final,2035,GR00,Solar PV rooftop residential,Solar,Available on market,832
ERAA 2025 final,2035,GR00,Solar PV utility non-tracking,Solar,Available on market,16938
ERAA 2025 final,2035,GR03,Solar PV rooftop industrial,Solar,Available on market,31
ERAA 2025 final,2035,GR03,Solar PV rooftop residential,Solar,Available on market,187
ERAA 2025 final,2035,GR03,Solar PV utility non-tracking,Solar,Available on market,313
ERAA 2025 final,2035,HR00,Solar PV rooftop industrial,Solar,Available on market,417
ERAA 2025 final,2035,HR00,Solar PV rooftop residential,Solar,Available on market,676
ERAA 2025 final,2035,HR00,Solar PV utility tracking,Solar,Available on market,582
ERAA 2025 final,2035,HU00,Solar PV rooftop industrial,Solar,Available on market,2000
ERAA 2025 final,2035,HU00,Solar PV rooftop residential,Solar,Available on market,3693
ERAA 2025 final,2035,HU00,Solar PV utility non-tracking,Solar,Available on market,7624
ERAA 2025 final,2035,HU00,Solar PV utility tracking,Solar,Available on market,847
ERAA 2025 final,2035,HU00,Solar PV rooftop residential,Solar,Out of market – for PV/battery dispatch optimization,222
ERAA 2025 final,2035,IE00,Solar PV rooftop residential,Solar,Available on market,3740
ERAA 2025 final,2035,IE00,Solar PV utility non-tracking,Solar,Available on market,5482
ERAA 2025 final,2035,ITCA,Solar PV rooftop industrial,Solar,Available on market,945
ERAA 2025 final,2035,ITCA,Solar PV utility non-tracking,Solar,Available on market,623
ERAA 2025 final,2035,ITCA,Solar PV utility tracking,Solar,Available on market,1380
ERAA 2025 final,2035,ITCN,Solar PV rooftop industrial,Solar,Available on market,3028
ERAA 2025 final,2035,ITCN,Solar PV utility non-tracking,Solar,Available on market,2982
ERAA 2025 final,2035,ITCN,Solar PV utility tracking,Solar,Available on market,2888
ERAA 2025 final,2035,ITCS,Solar PV rooftop industrial,Solar,Available on market,4498
ERAA 2025 final,2035,ITCS,Solar PV utility non-tracking,Solar,Available on market,3895
ERAA 2025 final,2035,ITCS,Solar PV utility tracking,Solar,Available on market,7654
ERAA 2025 final,2035,ITN1,Solar PV rooftop industrial,Solar,Available on market,22968
ERAA 2025 final,2035,ITN1,Solar PV utility non-tracking,Solar,Available on market,11869
ERAA 2025 final,2035,ITN1,Solar PV utility tracking,Solar,Available on market,3078
ERAA 2025 final,2035,ITS1,Solar PV rooftop industrial,Solar,Available on market,1313
ERAA 2025 final,2035,ITS1,Solar PV utility non-tracking,Solar,Available on market,3889
ERAA 2025 final,2035,ITS1,Solar PV utility tracking,Solar,Available on market,8128
ERAA 2025 final,2035,ITS1,Solar thermal without storage,Solar,Available on market,40
ERAA 2025 final,2035,ITSA,Solar PV rooftop industrial,Solar,Available on market,1356
ERAA 2025 final,2035,ITSA,Solar PV utility non-tracking,Solar,Available on market,1378
ERAA 2025 final,2035,ITSA,Solar PV utility tracking,Solar,Available on market,4315
ERAA 2025 final,2035,ITSI,Solar PV rooftop industrial,Solar,Available on market,2650
ERAA 2025 final,2035,ITSI,Solar PV utility non-tracking,Solar,Available on market,2074
ERAA 2025 final,2035,ITSI,Solar PV utility tracking,Solar,Available on market,6597
ERAA 2025 final,2035,ITSI,Solar thermal without storage,Solar,Available on market,40
ERAA 2025 final,2035,LT00,Solar PV rooftop residential,Solar,Available on market,1700
ERAA 2025 final,2035,LT00,Solar PV utility non-tracking,Solar,Available on market,3300
ERAA 2025 final,2035,LUG1,Solar PV rooftop residential,Solar,Available on market,740
ERAA 2025 final,2035,LUG1,Solar PV utility non-tracking,Solar,Available on market,317
ERAA 2025 final,2035,LV00,Solar PV rooftop industrial,Solar,Available on market,730
ERAA 2025 final,2035,LV00,Solar PV rooftop residential,Solar,Available on market,560
ERAA 2025 final,2035,LV00,Solar thermal without storage,Solar,Available on market,70
ERAA 2025 final,2035,MD00,Solar PV rooftop residential,Solar,Available on market,9
ERAA 2025 final,2035,MD00,Solar PV utility non-tracking,Solar,Available on market,608
ERAA 2025 final,2035,ME00,Solar PV rooftop industrial,Solar,Available on market,750
ERAA 2025 final,2035,MK00,Solar PV rooftop residential,Solar,Available on market,1142
ERAA 2025 final,2035,MK00,Solar PV utility non-tracking,Solar,Available on market,980
ERAA 2025 final,2035,MT00,Solar PV rooftop industrial,Solar,Available on market,163
ERAA 2025 final,2035,MT00,Solar PV rooftop residential,Solar,Available on market,119
ERAA 2025 final,2035,MT00,Solar PV utility non-tracking,Solar,Available on market,63
ERAA 2025 final,2035,NL00,Solar PV rooftop industrial,Solar,Available on market,24280
ERAA 2025 final,2035,NL00,Solar PV rooftop residential,Solar,Available on market,27351
ERAA 2025 final,2035,NL00,Solar PV utility tracking,Solar,Available on market,19307
ERAA 2025 final,2035,NOM1,Solar PV rooftop industrial,Solar,Available on market,1701
ERAA 2025 final,2035,NON1,Solar PV rooftop industrial,Solar,Available on market,100
ERAA 2025 final,2035,NOS1,Solar PV rooftop industrial,Solar,Available on market,2715
ERAA 2025 final,2035,NOS2,Solar PV rooftop industrial,Solar,Available on market,2201
ERAA 2025 final,2035,NOS3,Solar PV rooftop industrial,Solar,Available on market,700
ERAA 2025 final,2035,PL00,Solar PV rooftop residential,Solar,Available on market,17000
ERAA 2025 final,2035,PL00,Solar PV utility non-tracking,Solar,Available on market,20901
ERAA 2025 final,2035,PT00,Solar PV rooftop industrial,Solar,Available on market,6894
ERAA 2025 final,2035,PT00,Solar PV utility non-tracking,Solar,Available on market,20219
ERAA 2025 final,2035,RO00,Solar PV rooftop residential,Solar,Available on market,6000
ERAA 2025 final,2035,RO00,Solar PV utility non-tracking,Solar,Available on market,8800
ERAA 2025 final,2035,RS00,Solar PV rooftop residential,Solar,Available on market,1684
ERAA 2025 final,2035,RS00,Solar PV utility non-tracking,Solar,Available on market,3169
ERAA 2025 final,2035,SE01,Solar PV rooftop residential,Solar,Available on market,330
ERAA 2025 final,2035,SE01,Solar PV utility non-tracking,Solar,Available on market,330
ERAA 2025 final,2035,SE02,Solar PV rooftop residential,Solar,Available on market,286
ERAA 2025 final,2035,SE02,Solar PV utility non-tracking,Solar,Available on market,550
ERAA 2025 final,2035,SE03,Solar PV rooftop residential,Solar,Available on market,4159
ERAA 2025 final,2035,SE03,Solar PV utility non-tracking,Solar,Available on market,1880
ERAA 2025 final,2035,SE04,Solar PV rooftop residential,Solar,Available on market,1814
ERAA 2025 final,2035,SE04,Solar PV utility non-tracking,Solar,Available on market,730
ERAA 2025 final,2035,SI00,Solar PV rooftop residential,Solar,Available on market,5546
ERAA 2025 final,2035,SI00,Solar PV utility non-tracking,Solar,Available on market,1776
ERAA 2025 final,2035,SK00,Solar PV rooftop industrial,Solar,Available on market,900
ERAA 2025 final,2035,SK00,Solar PV rooftop residential,Solar,Available on market,1017
ERAA 2025 final,2035,SK00,Solar PV utility non-tracking,Solar,Available on market,39
ERAA 2025 final,2035,UK00,Solar PV utility non-tracking,Solar,Available on market,48674
ERAA 2025 final,2035,UKNI,Solar PV utility non-tracking,Solar,Available on market,950
ERAA 2025 final,2035,AT00,Battery utility scale,Storage,Available on market,3600
ERAA 2025 final,2035,AT00,Electrolyser,Storage,Available on market,3050
ERAA 2025 final,2035,AT00,Battery residential,Storage,Out of market – for PV/battery dispatch optimization,4850
ERAA 2025 final,2035,BE00,Battery residential,Storage,Available on market,1343
ERAA 2025 final,2035,BE00,Battery utility scale,Storage,Available on market,2508
ERAA 2025 final,2035,BE00,Electrolyser,Storage,Available on market,150
ERAA 2025 final,2035,BG00,Battery utility scale,Storage,Available on market,1120
ERAA 2025 final,2035,BG00,Electrolyser,Storage,Available on market,872
ERAA 2025 final,2035,CH00,Electrolyser,Storage,Available on market,988
ERAA 2025 final,2035,CH00,Battery residential,Storage,Out of market – for PV/battery dispatch optimization,2986
ERAA 2025 final,2035,CH00,Battery utility scale,Storage,Out of market - primary purpose ancillary service,105
ERAA 2025 final,2035,CY00,Battery utility scale,Storage,Available on market,160
ERAA 2025 final,2035,CY00,Electrolyser,Storage,Available on market,41
ERAA 2025 final,2035,CZ00,Battery utility scale,Storage,Available on market,2031
ERAA 2025 final,2035,CZ00,Electrolyser,Storage,Available on market,128
ERAA 2025 final,2035,DE00,Battery residential,Storage,Available on market,11477
ERAA 2025 final,2035,DE00,Battery utility scale,Storage,Available on market,28076
ERAA 2025 final,2035,DE00,Electrolyser,Storage,Available on market,27857
ERAA 2025 final,2035,DE00,Hydrogen,Storage,Available on market,16537
ERAA 2025 final,2035,DE00,Power to heat,Storage,Available on market,9696
ERAA 2025 final,2035,DE00,Battery residential,Storage,Out of market – for PV/battery dispatch optimization,36343
ERAA 2025 final,2035,DKE1,Battery utility scale,Storage,Available on market,294
ERAA 2025 final,2035,DKE1,Electrolyser,Storage,Available on market,796
ERAA 2025 final,2035,DKE1,Power to heat,Storage,Available on market,1922
ERAA 2025 final,2035,DKN1_OFF,Electrolyser,Storage,Available on market,500
ERAA 2025 final,2035,DKW1,Battery utility scale,Storage,Available on market,525
ERAA 2025 final,2035,DKW1,Electrolyser,Storage,Available on market,5721
ERAA 2025 final,2035,DKW1,Power to heat,Storage,Available on market,3058
ERAA 2025 final,2035,EE00,Battery utility scale,Storage,Available on market,1500
ERAA 2025 final,2035,ES00,Battery residential,Storage,Available on market,1349
ERAA 2025 final,2035,ES00,Battery utility scale,Storage,Available on market,1559
ERAA 2025 final,2035,ES00,Electrolyser,Storage,Available on market,29200
ERAA 2025 final,2035,FI00,Battery utility scale,Storage,Available on market,4711
ERAA 2025 final,2035,FI00,Electrolyser,Storage,Available on market,2943
ERAA 2025 final,2035,FI00,Power to heat,Storage,Available on market,4351
ERAA 2025 final,2035,FR00,Electrolyser,Storage,Available on market,11198
ERAA 2025 final,2035,FR00,Battery utility scale,Storage,Out of market - primary purpose ancillary service,1000
ERAA 2025 final,2035,GR00,Battery utility scale,Storage,Available on market,6015
ERAA 2025 final,2035,GR00,Electrolyser,Storage,Available on market,231
ERAA 2025 final,2035,GR03,Battery utility scale,Storage,Available on market,150
ERAA 2025 final,2035,HR00,Battery utility scale,Storage,Available on market,66
ERAA 2025 final,2035,HR00,Electrolyser,Storage,Available on market,1497
ERAA 2025 final,2035,HU00,Battery utility scale,Storage,Available on market,538
ERAA 2025 final,2035,HU00,Electrolyser,Storage,Available on market,240
ERAA 2025 final,2035,HU00,Battery residential,Storage,Out of market – for PV/battery dispatch optimization,222
ERAA 2025 final,2035,HU00,Battery utility scale,Storage,Out of market - primary purpose ancillary service,1077
ERAA 2025 final,2035,HU00,Power to heat,Storage,Out of market - primary purpose ancillary service,246
ERAA 2025 final,2035,IE00,Battery utility scale,Storage,Available on market,1078
ERAA 2025 final,2035,ITCA,Battery residential,Storage,Available on market,179
ERAA 2025 final,2035,ITCA,Battery utility scale,Storage,Available on market,720
ERAA 2025 final,2035,ITCA,Electrolyser,Storage,Available on market,350
ERAA 2025 final,2035,ITCN,Battery residential,Storage,Available on market,677
ERAA 2025 final,2035,ITCN,Battery utility scale,Storage,Available on market,69
ERAA 2025 final,2035,ITCN,Electrolyser,Storage,Available on market,215
ERAA 2025 final,2035,ITCS,Battery residential,Storage,Available on market,1108
ERAA 2025 final,2035,ITCS,Battery utility scale,Storage,Available on market,1681
ERAA 2025 final,2035,ITCS,Electrolyser,Storage,Available on market,480
ERAA 2025 final,2035,ITN1,Battery residential,Storage,Available on market,4267
ERAA 2025 final,2035,ITN1,Battery utility scale,Storage,Available on market,1474
ERAA 2025 final,2035,ITN1,Electrolyser,Storage,Available on market,905
ERAA 2025 final,2035,ITS1,Battery residential,Storage,Available on market,351
ERAA 2025 final,2035,ITS1,Battery utility scale,Storage,Available on market,3680
ERAA 2025 final,2035,ITS1,Electrolyser,Storage,Available on market,1975
ERAA 2025 final,2035,ITSA,Battery residential,Storage,Available on market,232
ERAA 2025 final,2035,ITSA,Battery utility scale,Storage,Available on market,2587
ERAA 2025 final,2035,ITSA,Electrolyser,Storage,Available on market,225
ERAA 2025 final,2035,ITSI,Battery residential,Storage,Available on market,433
ERAA 2025 final,2035,ITSI,Battery utility scale,Storage,Available on market,2980
ERAA 2025 final,2035,ITSI,Electrolyser,Storage,Available on market,1025
ERAA 2025 final,2035,LT00,Battery utility scale,Storage,Available on market,1750
ERAA 2025 final,2035,LT00,Electrolyser,Storage,Available on market,1300
ERAA 2025 final,2035,LUG1,Electrolyser,Storage,Available on market,45
ERAA 2025 final,2035,LUG1,Battery residential,Storage,Out of market – for PV/battery dispatch optimization,38
ERAA 2025 final,2035,LV00,Battery utility scale,Storage,Available on market,420
ERAA 2025 final,2035,LV00,Electrolyser,Storage,Available on market,1000
ERAA 2025 final,2035,LV00,Battery utility scale,Storage,Out of market - primary purpose ancillary service,80
ERAA 2025 final,2035,MD00,Battery utility scale,Storage,Out of market - primary purpose ancillary service,80
ERAA 2025 final,2035,MK00,Battery utility scale,Storage,Available on market,80
ERAA 2025 final,2035,MT00,Battery utility scale,Storage,Available on market,40
ERAA 2025 final,2035,NL00,Battery residential,Storage,Available on market,2964
ERAA 2025 final,2035,NL00,Battery utility scale,Storage,Available on market,18780
ERAA 2025 final,2035,NL00,Electrolyser,Storage,Available on market,5000
ERAA 2025 final,2035,NL00,Hydrogen,Storage,Available on market,3072
ERAA 2025 final,2035,NL00,Power to heat,Storage,Available on market,2830
ERAA 2025 final,2035,NL0A_OFF,Electrolyser,Storage,Available on market,50
ERAA 2025 final,2035,NL0K_OFF,Electrolyser,Storage,Available on market,500
ERAA 2025 final,2035,NL0U_OFF,Electrolyser,Storage,Available on market,500
ERAA 2025 final,2035,NOM1,Electrolyser,Storage,Available on market,57
ERAA 2025 final,2035,NON1,Electrolyser,Storage,Available on market,205
ERAA 2025 final,2035,NOS2,Electrolyser,Storage,Available on market,166
ERAA 2025 final,2035,PL00,Battery utility scale,Storage,Available on market,6110
ERAA 2025 final,2035,PL00,Electrolyser,Storage,Available on market,3225
ERAA 2025 final,2035,PT00,Battery utility scale,Storage,Available on market,2500
ERAA 2025 final,2035,PT00,Electrolyser,Storage,Available on market,7401
ERAA 2025 final,2035,RO00,Battery utility scale,Storage,Available on market,2000
ERAA 2025 final,2035,RO00,Electrolyser,Storage,Available on market,336
ERAA 2025 final,2035,RS00,Battery utility scale,Storage,Available on market,604
ERAA 2025 final,2035,SE01,Battery utility scale,Storage,Available on market,50
ERAA 2025 final,2035,SE01,Electrolyser,Storage,Available on market,15503
ERAA 2025 final,2035,SE02,Battery utility scale,Storage,Available on market,50
ERAA 2025 final,2035,SE03,Battery utility scale,Storage,Available on market,50
ERAA 2025 final,2035,SE04,Battery utility scale,Storage,Available on market,50
ERAA 2025 final,2035,SI00,Battery residential,Storage,Available on market,521
ERAA 2025 final,2035,SI00,Battery utility scale,Storage,Available on market,96
ERAA 2025 final,2035,SI00,Electrolyser,Storage,Available on market,300
ERAA 2025 final,2035,SI00,Battery utility scale,Storage,Out of market - primary purpose ancillary service,15
ERAA 2025 final,2035,SK00,Battery residential,Storage,Available on market,415
ERAA 2025 final,2035,SK00,Battery utility scale,Storage,Available on market,384
ERAA 2025 final,2035,SK00,Electrolyser,Storage,Available on market,389
ERAA 2025 final,2035,SK00,Battery utility scale,Storage,Out of market - primary purpose ancillary service,87
ERAA 2025 final,2035,UK00,Battery utility scale,Storage,Available on market,26280
ERAA 2025 final,2035,UK00,Electrolyser,Storage,Available on market,2056
ERAA 2025 final,2035,UK00,Hydrogen,Storage,Available on market,6136
ERAA 2025 final,2035,UKNI,Battery utility scale,Storage,Available on market,200
ERAA 2025 final,2035,AL00,Natural gas,Thermal,Available on market,300
ERAA 2025 final,2035,AT00,Light oil,Thermal,Available on market,122
ERAA 2025 final,2035,AT00,Natural gas,Thermal,Available on market,2298
ERAA 2025 final,2035,BA00,Lignite,Thermal,Available on market,1518
ERAA 2025 final,2035,BE00,Biofuel,Thermal,Available on market,354
ERAA 2025 final,2035,BE00,Hard coal,Thermal,Available on market,0
ERAA 2025 final,2035,BE00,Heavy oil,Thermal,Available on market,140
ERAA 2025 final,2035,BE00,Natural gas,Thermal,Available on market,6048
ERAA 2025 final,2035,BE00,Nuclear,Thermal,Available on market,2056
ERAA 2025 final,2035,BG00,Hard coal,Thermal,Available on market,168
ERAA 2025 final,2035,BG00,Lignite,Thermal,Available on market,792
ERAA 2025 final,2035,BG00,Natural gas,Thermal,Available on market,1835
ERAA 2025 final,2035,BG00,Nuclear,Thermal,Available on market,3200
ERAA 2025 final,2035,CH00,Biofuel,Thermal,Available on market,149
ERAA 2025 final,2035,CH00,Natural gas,Thermal,Available on market,524
ERAA 2025 final,2035,CH00,Nuclear,Thermal,Available on market,2230
ERAA 2025 final,2035,CY00,Heavy oil,Thermal,Available on market,98
ERAA 2025 final,2035,CY00,Natural gas,Thermal,Available on market,889
ERAA 2025 final,2035,CZ00,Natural gas,Thermal,Available on market,3888
ERAA 2025 final,2035,CZ00,Nuclear,Thermal,Available on market,4384
ERAA 2025 final,2035,CZ00,Natural gas,Thermal,Out of market - primary purpose ancillary service,106
ERAA 2025 final,2035,DE00,Heavy oil,Thermal,Available on market,322
ERAA 2025 final,2035,DE00,Lignite,Thermal,Available on market,4782
ERAA 2025 final,2035,DE00,Natural gas,Thermal,Available on market,17659
ERAA 2025 final,2035,DKE1,Biofuel,Thermal,Available on market,870
ERAA 2025 final,2035,DKE1,Hard coal,Thermal,Available on market,0
ERAA 2025 final,2035,DKE1,Heavy oil,Thermal,Available on market,28
ERAA 2025 final,2035,DKE1,Light oil,Thermal,Available on market,549
ERAA 2025 final,2035,DKE1,Natural gas,Thermal,Available on market,205
ERAA 2025 final,2035,DKW1,Biofuel,Thermal,Available on market,495
ERAA 2025 final,2035,DKW1,Hard coal,Thermal,Available on market,17
ERAA 2025 final,2035,DKW1,Light oil,Thermal,Available on market,111
ERAA 2025 final,2035,DKW1,Natural gas,Thermal,Available on market,431
ERAA 2025 final,2035,EE00,Natural gas,Thermal,Available on market,135
ERAA 2025 final,2035,ES00,Natural gas,Thermal,Available on market,24560
ERAA 2025 final,2035,ES00,Natural gas,Thermal,Inelastic supply / fixed profile,4207
ERAA 2025 final,2035,FI00,Biofuel,Thermal,Available on market,1178
ERAA 2025 final,2035,FI00,Hard coal,Thermal,Available on market,240
ERAA 2025 final,2035,FI00,Natural gas,Thermal,Available on market,964
ERAA 2025 final,2035,FI00,Nuclear,Thermal,Available on market,4572
ERAA 2025 final,2035,FR00,Light oil,Thermal,Available on market,1331
ERAA 2025 final,2035,FR00,Natural gas,Thermal,Available on market,10031
ERAA 2025 final,2035,FR00,Nuclear,Thermal,Available on market,63020
ERAA 2025 final,2035,GR00,Natural gas,Thermal,Available on market,6347
ERAA 2025 final,2035,GR03,Light oil,Thermal,Available on market,144
ERAA 2025 final,2035,HR00,Natural gas,Thermal,Available on market,583
ERAA 2025 final,2035,HU00,Biofuel,Thermal,Available on market,100
ERAA 2025 final,2035,HU00,Hard coal,Thermal,Available on market,0
ERAA 2025 final,2035,HU00,Light oil,Thermal,Available on market,495
ERAA 2025 final,2035,HU00,Natural gas,Thermal,Available on market,4260
ERAA 2025 final,2035,HU00,Nuclear,Thermal,Available on market,4277
ERAA 2025 final,2035,IE00,Biofuel,Thermal,Available on market,118
ERAA 2025 final,2035,IE00,Light oil,Thermal,Available on market,208
ERAA 2025 final,2035,IE00,Lignite,Thermal,Available on market,0
ERAA 2025 final,2035,IE00,Natural gas,Thermal,Available on market,5776
ERAA 2025 final,2035,ITCA,Natural gas,Thermal,Available on market,3524
ERAA 2025 final,2035,ITCN,Light oil,Thermal,Available on market,23
ERAA 2025 final,2035,ITCN,Natural gas,Thermal,Available on market,2016
ERAA 2025 final,2035,ITCS,Light oil,Thermal,Available on market,96
ERAA 2025 final,2035,ITCS,Natural gas,Thermal,Available on market,7198
ERAA 2025 final,2035,ITN1,Light oil,Thermal,Available on market,15
ERAA 2025 final,2035,ITN1,Natural gas,Thermal,Available on market,27887
ERAA 2025 final,2035,ITS1,Natural gas,Thermal,Available on market,5144
ERAA 2025 final,2035,ITSA,Light oil,Thermal,Available on market,65
ERAA 2025 final,2035,ITSA,Natural gas,Thermal,Available on market,51
ERAA 2025 final,2035,ITSI,Natural gas,Thermal,Available on market,3668
ERAA 2025 final,2035,LT00,Natural gas,Thermal,Available on market,624
ERAA 2025 final,2035,LV00,Natural gas,Thermal,Available on market,1051
ERAA 2025 final,2035,MD00,Hard coal,Thermal,Available on market,550
ERAA 2025 final,2035,MD00,Natural gas,Thermal,Available on market,780
ERAA 2025 final,2035,MD00,Natural gas,Thermal,Inelastic supply / fixed profile,409
ERAA 2025 final,2035,ME00,Lignite,Thermal,Available on market,225
ERAA 2025 final,2035,MK00,Natural gas,Thermal,Available on market,760
ERAA 2025 final,2035,MT00,Natural gas,Thermal,Available on market,505
ERAA 2025 final,2035,NL00,Biofuel,Thermal,Available on market,2211
ERAA 2025 final,2035,NL00,Hard coal,Thermal,Available on market,0
ERAA 2025 final,2035,NL00,Natural gas,Thermal,Available on market,12166
ERAA 2025 final,2035,NL00,Nuclear,Thermal,Available on market,486
ERAA 2025 final,2035,NOS2,Natural gas,Thermal,Available on market,14
ERAA 2025 final,2035,NOS3,Natural gas,Thermal,Available on market,7
ERAA 2025 final,2035,PL00,Hard coal,Thermal,Available on market,5839
ERAA 2025 final,2035,PL00,Lignite,Thermal,Available on market,3136
ERAA 2025 final,2035,PL00,Natural gas,Thermal,Available on market,9054
ERAA 2025 final,2035,PT00,Natural gas,Thermal,Available on market,2055
ERAA 2025 final,2035,PT00,Natural gas,Thermal,Inelastic supply / fixed profile,642
ERAA 2025 final,2035,RO00,Natural gas,Thermal,Available on market,5391
ERAA 2025 final,2035,RO00,Nuclear,Thermal,Available on market,3087
ERAA 2025 final,2035,RS00,Lignite,Thermal,Available on market,5050
ERAA 2025 final,2035,RS00,Natural gas,Thermal,Available on market,401
ERAA 2025 final,2035,SE03,Natural gas,Thermal,Available on market,180
ERAA 2025 final,2035,SE03,Nuclear,Thermal,Available on market,8081
ERAA 2025 final,2035,SI00,Natural gas,Thermal,Available on market,864
ERAA 2025 final,2035,SI00,Nuclear,Thermal,Available on market,700
ERAA 2025 final,2035,SI00,Natural gas,Thermal,Mothballed,58
ERAA 2025 final,2035,SK00,Biofuel,Thermal,Available on market,19
ERAA 2025 final,2035,SK00,Hard coal,Thermal,Available on market,291
ERAA 2025 final,2035,SK00,Heavy oil,Thermal,Available on market,133
ERAA 2025 final,2035,SK00,Lignite,Thermal,Available on market,66
ERAA 2025 final,2035,SK00,Natural gas,Thermal,Available on market,837
ERAA 2025 final,2035,SK00,Nuclear,Thermal,Available on market,2830
ERAA 2025 final,2035,SK00,Natural gas,Thermal,Inelastic supply / fixed profile,125
ERAA 2025 final,2035,SK00,Light oil,Thermal,Out of market - primary purpose ancillary service,109
ERAA 2025 final,2035,SK00,Natural gas,Thermal,Out of market - primary purpose ancillary service,206
ERAA 2025 final,2035,UK00,Heavy oil,Thermal,Available on market,108
ERAA 2025 final,2035,UK00,Natural gas,Thermal,Available on market,27693
ERAA 2025 final,2035,UK00,Nuclear,Thermal,Available on market,6002
ERAA 2025 final,2035,UKNI,Biofuel,Thermal,Available on market,18
ERAA 2025 final,2035,UKNI,Light oil,Thermal,Available on market,390
ERAA 2025 final,2035,UKNI,Lignite,Thermal,Available on market,0
ERAA 2025 final,2035,UKNI,Natural gas,Thermal,Available on market,1777
ERAA 2025 final,2035,AL00,Wind onshore,Wind,Available on market,900
ERAA 2025 final,2035,AT00,Wind onshore,Wind,Available on market,10000
ERAA 2025 final,2035,BA00,Wind onshore,Wind,Available on market,1047
ERAA 2025 final,2035,BE00,Wind offshore fixed,Wind,Available on market,4360
ERAA 2025 final,2035,BE00,Wind onshore,Wind,Available on market,7272
ERAA 2025 final,2035,BEO1_OFF,Wind offshore fixed,Wind,Available on market,1400
ERAA 2025 final,2035,BG00,Wind offshore fixed,Wind,Available on market,1707
ERAA 2025 final,2035,BG00,Wind onshore,Wind,Available on market,2724
ERAA 2025 final,2035,CH00,Wind onshore,Wind,Available on market,252
ERAA 2025 final,2035,CY00,Wind onshore,Wind,Available on market,170
ERAA 2025 final,2035,CZ00,Wind onshore,Wind,Available on market,2475
ERAA 2025 final,2035,DE00,Wind offshore fixed,Wind,Available on market,50089
ERAA 2025 final,2035,DE00,Wind onshore,Wind,Available on market,157000
ERAA 2025 final,2035,DEKF_OFF,Wind offshore fixed,Wind,Available on market,336
ERAA 2025 final,2035,DKB2_OFF,Wind offshore fixed,Wind,Available on market,3000
ERAA 2025 final,2035,DKE1,Wind offshore fixed,Wind,Available on market,773
ERAA 2025 final,2035,DKE1,Wind onshore,Wind,Available on market,991
ERAA 2025 final,2035,DKHE_OFF,Wind offshore fixed,Wind,Available on market,1000
ERAA 2025 final,2035,DKKF_OFF,Wind offshore fixed,Wind,Available on market,605
ERAA 2025 final,2035,DKN1_OFF,Wind offshore fixed,Wind,Available on market,2500
ERAA 2025 final,2035,DKW1,Wind offshore fixed,Wind,Available on market,2872
ERAA 2025 final,2035,DKW1,Wind onshore,Wind,Available on market,6000
ERAA 2025 final,2035,EE00,Wind offshore fixed,Wind,Available on market,1000
ERAA 2025 final,2035,EE00,Wind onshore,Wind,Available on market,3000
ERAA 2025 final,2035,ES00,Wind offshore floating,Wind,Available on market,2800
ERAA 2025 final,2035,ES00,Wind onshore,Wind,Available on market,66368
ERAA 2025 final,2035,FI00,Wind offshore fixed,Wind,Available on market,3300
ERAA 2025 final,2035,FI00,Wind onshore,Wind,Available on market,30879
ERAA 2025 final,2035,FR00,Wind offshore fixed,Wind,Available on market,8430
ERAA 2025 final,2035,FR00,Wind offshore floating,Wind,Available on market,2345
ERAA 2025 final,2035,FR00,Wind onshore,Wind,Available on market,37580
ERAA 2025 final,2035,GR00,Wind offshore floating,Wind,Available on market,1499
ERAA 2025 final,2035,GR00,Wind onshore,Wind,Available on market,8726
ERAA 2025 final,2035,GR03,Wind offshore floating,Wind,Available on market,200
ERAA 2025 final,2035,GR03,Wind onshore,Wind,Available on market,775
ERAA 2025 final,2035,HR00,Wind offshore fixed,Wind,Available on market,510
ERAA 2025 final,2035,HR00,Wind onshore,Wind,Available on market,2010
ERAA 2025 final,2035,HU00,Wind onshore,Wind,Available on market,1675
ERAA 2025 final,2035,IE00,Wind offshore fixed,Wind,Available on market,4481
ERAA 2025 final,2035,IE00,Wind onshore,Wind,Available on market,9190
ERAA 2025 final,2035,ITCA,Wind offshore fixed,Wind,Available on market,186
ERAA 2025 final,2035,ITCA,Wind onshore,Wind,Available on market,2771
ERAA 2025 final,2035,ITCN,Wind offshore fixed,Wind,Available on market,320
ERAA 2025 final,2035,ITCN,Wind onshore,Wind,Available on market,318
ERAA 2025 final,2035,ITCS,Wind offshore fixed,Wind,Available on market,521
ERAA 2025 final,2035,ITCS,Wind onshore,Wind,Available on market,5856
ERAA 2025 final,2035,ITN1,Wind offshore fixed,Wind,Available on market,622
ERAA 2025 final,2035,ITN1,Wind onshore,Wind,Available on market,504
ERAA 2025 final,2035,ITS1,Wind offshore fixed,Wind,Available on market,1968
ERAA 2025 final,2035,ITS1,Wind onshore,Wind,Available on market,11393
ERAA 2025 final,2035,ITSA,Wind offshore fixed,Wind,Available on market,1415
ERAA 2025 final,2035,ITSA,Wind onshore,Wind,Available on market,2870
ERAA 2025 final,2035,ITSI,Wind offshore fixed,Wind,Available on market,1418
ERAA 2025 final,2035,ITSI,Wind onshore,Wind,Available on market,5288
ERAA 2025 final,2035,LT00,Wind offshore fixed,Wind,Available on market,1400
ERAA 2025 final,2035,LT00,Wind onshore,Wind,Available on market,5520
ERAA 2025 final,2035,LUG1,Wind onshore,Wind,Available on market,563
ERAA 2025 final,2035,LV00,Wind offshore fixed,Wind,Available on market,1000
ERAA 2025 final,2035,LV00,Wind onshore,Wind,Available on market,644
ERAA 2025 final,2035,MD00,Wind onshore,Wind,Available on market,867
ERAA 2025 final,2035,ME00,Wind onshore,Wind,Available on market,313
ERAA 2025 final,2035,MK00,Wind onshore,Wind,Available on market,274
ERAA 2025 final,2035,MT00,Wind offshore floating,Wind,Available on market,300
ERAA 2025 final,2035,NL00,Wind offshore fixed,Wind,Available on market,18824
ERAA 2025 final,2035,NL00,Wind onshore,Wind,Available on market,9330
ERAA 2025 final,2035,NL0A_OFF,Wind offshore fixed,Wind,Available on market,50
ERAA 2025 final,2035,NL0J_OFF,Wind offshore fixed,Wind,Available on market,2000
ERAA 2025 final,2035,NL0K_OFF,Wind offshore fixed,Wind,Available on market,2000
ERAA 2025 final,2035,NL0U_OFF,Wind offshore fixed,Wind,Available on market,700
ERAA 2025 final,2035,NL0W_OFF,Wind offshore fixed,Wind,Available on market,2000
ERAA 2025 final,2035,NLLL_OFF,Wind offshore fixed,Wind,Available on market,2000
ERAA 2025 final,2035,NOM1,Wind onshore,Wind,Available on market,2491
ERAA 2025 final,2035,NON1,Wind onshore,Wind,Available on market,1922
ERAA 2025 final,2035,NOS1,Wind onshore,Wind,Available on market,406
ERAA 2025 final,2035,NOS2,Wind onshore,Wind,Available on market,1273
ERAA 2025 final,2035,NOS3,Wind onshore,Wind,Available on market,160
ERAA 2025 final,2035,NOSF_OFF,Wind offshore fixed,Wind,Available on market,2800
ERAA 2025 final,2035,NOWF_OFF,Wind offshore floating,Wind,Available on market,500
ERAA 2025 final,2035,PL00,Wind offshore fixed,Wind,Available on market,12233
ERAA 2025 final,2035,PL00,Wind onshore,Wind,Available on market,23042
ERAA 2025 final,2035,PT00,Wind offshore floating,Wind,Available on market,5600
ERAA 2025 final,2035,PT00,Wind onshore,Wind,Available on market,10015
ERAA 2025 final,2035,RO00,Wind offshore fixed,Wind,Available on market,1500
ERAA 2025 final,2035,RO00,Wind onshore,Wind,Available on market,7600
ERAA 2025 final,2035,RS00,Wind onshore,Wind,Available on market,6531
ERAA 2025 final,2035,SE01,Wind onshore,Wind,Available on market,5846
ERAA 2025 final,2035,SE02,Wind onshore,Wind,Available on market,9009
ERAA 2025 final,2035,SE03,Wind offshore fixed,Wind,Available on market,1033
ERAA 2025 final,2035,SE03,Wind onshore,Wind,Available on market,6136
ERAA 2025 final,2035,SE04,Wind offshore fixed,Wind,Available on market,1295
ERAA 2025 final,2035,SE04,Wind onshore,Wind,Available on market,2833
ERAA 2025 final,2035,SI00,Wind onshore,Wind,Available on market,111
ERAA 2025 final,2035,SK00,Wind onshore,Wind,Available on market,750
ERAA 2025 final,2035,UK00,Wind offshore fixed,Wind,Available on market,76379
ERAA 2025 final,2035,UK00,Wind offshore floating,Wind,Available on market,400
ERAA 2025 final,2035,UK00,Wind onshore,Wind,Available on market,30749
ERAA 2025 final,2035,UKNI,Wind offshore fixed,Wind,Available on market,500
ERAA 2025 final,2035,UKNI,Wind onshore,Wind,Available on market,2860
ERAA 2025 pre-CfE,2028,AL00,EV - iDSR,DSR,Available on market,0
ERAA 2025 pre-CfE,2028,AL00,HP - iDSR,DSR,Available on market,0
ERAA 2025 pre-CfE,2028,AT00,DSR,DSR,Available on market,520
ERAA 2025 pre-CfE,2028,AT00,EV - iDSR,DSR,Available on market,0
ERAA 2025 pre-CfE,2028,AT00,HP - iDSR,DSR,Available on market,0
ERAA 2025 pre-CfE,2028,BA00,EV - iDSR,DSR,Available on market,0
ERAA 2025 pre-CfE,2028,BA00,HP - iDSR,DSR,Available on market,0
ERAA 2025 pre-CfE,2028,BE00,DSR,DSR,Available on market,1848
ERAA 2025 pre-CfE,2028,BE00,EV - iDSR,DSR,Available on market,34
ERAA 2025 pre-CfE,2028,BE00,HP - iDSR,DSR,Available on market,9
ERAA 2025 pre-CfE,2028,BG00,EV - iDSR,DSR,Available on market,0
ERAA 2025 pre-CfE,2028,BG00,HP - iDSR,DSR,Available on market,0
ERAA 2025 pre-CfE,2028,CH00,EV - iDSR,DSR,Available on market,374
ERAA 2025 pre-CfE,2028,CH00,HP - iDSR,DSR,Available on market,6371
ERAA 2025 pre-CfE,2028,CY00,EV - iDSR,DSR,Available on market,0
ERAA 2025 pre-CfE,2028,CY00,HP - iDSR,DSR,Available on market,0
ERAA 2025 pre-CfE,2028,CZ00,DSR,DSR,Available on market,110
ERAA 2025 pre-CfE,2028,CZ00,EV - iDSR,DSR,Available on market,0
ERAA 2025 pre-CfE,2028,CZ00,HP - iDSR,DSR,Available on market,0
ERAA 2025 pre-CfE,2028,DE00,DSR,DSR,Available on market,1863
ERAA 2025 pre-CfE,2028,DE00,EV - iDSR,DSR,Available on market,2938
ERAA 2025 pre-CfE,2028,DE00,HP - iDSR,DSR,Available on market,17
ERAA 2025 pre-CfE,2028,DKE1,DSR,DSR,Available on market,1510
ERAA 2025 pre-CfE,2028,DKE1,EV - iDSR,DSR,Available on market,0
ERAA 2025 pre-CfE,2028,DKE1,HP - iDSR,DSR,Available on market,0
ERAA 2025 pre-CfE,2028,DKW1,DSR,DSR,Available on market,2730
ERAA 2025 pre-CfE,2028,DKW1,EV - iDSR,DSR,Available on market,0
ERAA 2025 pre-CfE,2028,DKW1,HP - iDSR,DSR,Available on market,0
ERAA 2025 pre-CfE,2028,EE00,DSR,DSR,Available on market,173
ERAA 2025 pre-CfE,2028,EE00,EV - iDSR,DSR,Available on market,0
ERAA 2025 pre-CfE,2028,EE00,HP - iDSR,DSR,Available on market,0
ERAA 2025 pre-CfE,2028,ES00,EV - iDSR,DSR,Available on market,0
ERAA 2025 pre-CfE,2028,ES00,HP - iDSR,DSR,Available on market,0
ERAA 2025 pre-CfE,2028,ES00,DSR,DSR,Out of market - primary purpose ancillary service,1148
ERAA 2025 pre-CfE,2028,FI00,DSR,DSR,Available on market,1332
ERAA 2025 pre-CfE,2028,FI00,EV - iDSR,DSR,Available on market,1543
ERAA 2025 pre-CfE,2028,FI00,HP - iDSR,DSR,Available on market,329
ERAA 2025 pre-CfE,2028,FR00,DSR,DSR,Available on market,5025
ERAA 2025 pre-CfE,2028,FR00,EV - iDSR,DSR,Available on market,13
ERAA 2025 pre-CfE,2028,FR00,HP - iDSR,DSR,Available on market,0
ERAA 2025 pre-CfE,2028,GR00,DSR,DSR,Available on market,120
ERAA 2025 pre-CfE,2028,GR00,EV - iDSR,DSR,Available on market,0
ERAA 2025 pre-CfE,2028,GR00,HP - iDSR,DSR,Available on market,0
ERAA 2025 pre-CfE,2028,GR03,EV - iDSR,DSR,Available on market,0
ERAA 2025 pre-CfE,2028,GR03,HP - iDSR,DSR,Available on market,0
ERAA 2025 pre-CfE,2028,HR00,DSR,DSR,Available on market,87
ERAA 2025 pre-CfE,2028,HR00,EV - iDSR,DSR,Available on market,0
ERAA 2025 pre-CfE,2028,HR00,HP - iDSR,DSR,Available on market,0
ERAA 2025 pre-CfE,2028,HU00,EV - iDSR,DSR,Available on market,0
ERAA 2025 pre-CfE,2028,HU00,HP - iDSR,DSR,Available on market,0
ERAA 2025 pre-CfE,2028,IE00,DSR,DSR,Available on market,860
ERAA 2025 pre-CfE,2028,IE00,EV - iDSR,DSR,Available on market,0
ERAA 2025 pre-CfE,2028,IE00,HP - iDSR,DSR,Available on market,0
ERAA 2025 pre-CfE,2028,ITCA,DSR,DSR,Available on market,28
ERAA 2025 pre-CfE,2028,ITCA,EV - iDSR,DSR,Available on market,0
ERAA 2025 pre-CfE,2028,ITCA,HP - iDSR,DSR,Available on market,0
ERAA 2025 pre-CfE,2028,ITCN,DSR,DSR,Available on market,174
ERAA 2025 pre-CfE,2028,ITCN,EV - iDSR,DSR,Available on market,0
ERAA 2025 pre-CfE,2028,ITCN,HP - iDSR,DSR,Available on market,0
ERAA 2025 pre-CfE,2028,ITCS,DSR,DSR,Available on market,169
ERAA 2025 pre-CfE,2028,ITCS,EV - iDSR,DSR,Available on market,0
ERAA 2025 pre-CfE,2028,ITCS,HP - iDSR,DSR,Available on market,0
ERAA 2025 pre-CfE,2028,ITN1,DSR,DSR,Available on market,1197
ERAA 2025 pre-CfE,2028,ITN1,EV - iDSR,DSR,Available on market,0
ERAA 2025 pre-CfE,2028,ITN1,HP - iDSR,DSR,Available on market,0
ERAA 2025 pre-CfE,2028,ITS1,DSR,DSR,Available on market,87
ERAA 2025 pre-CfE,2028,ITS1,EV - iDSR,DSR,Available on market,0
ERAA 2025 pre-CfE,2028,ITS1,HP - iDSR,DSR,Available on market,0
ERAA 2025 pre-CfE,2028,ITSA,DSR,DSR,Available on market,9
ERAA 2025 pre-CfE,2028,ITSA,EV - iDSR,DSR,Available on market,0
ERAA 2025 pre-CfE,2028,ITSA,HP - iDSR,DSR,Available on market,0
ERAA 2025 pre-CfE,2028,ITSI,DSR,DSR,Available on market,38
ERAA 2025 pre-CfE,2028,ITSI,EV - iDSR,DSR,Available on market,0
ERAA 2025 pre-CfE,2028,ITSI,HP - iDSR,DSR,Available on market,0
ERAA 2025 pre-CfE,2028,LT00,DSR,DSR,Available on market,28
ERAA 2025 pre-CfE,2028,LT00,EV - iDSR,DSR,Available on market,0
ERAA 2025 pre-CfE,2028,LT00,HP - iDSR,DSR,Available on market,0
ERAA 2025 pre-CfE,2028,LUG1,EV - iDSR,DSR,Available on market,0
ERAA 2025 pre-CfE,2028,LUG1,HP - iDSR,DSR,Available on market,0
ERAA 2025 pre-CfE,2028,LV00,DSR,DSR,Available on market,150
ERAA 2025 pre-CfE,2028,LV00,EV - iDSR,DSR,Available on market,0
ERAA 2025 pre-CfE,2028,LV00,HP - iDSR,DSR,Available on market,0
ERAA 2025 pre-CfE,2028,MD00,EV - iDSR,DSR,Available on market,18
ERAA 2025 pre-CfE,2028,MD00,HP - iDSR,DSR,Available on market,0
ERAA 2025 pre-CfE,2028,ME00,EV - iDSR,DSR,Available on market,0
ERAA 2025 pre-CfE,2028,ME00,HP - iDSR,DSR,Available on market,0
ERAA 2025 pre-CfE,2028,MK00,EV - iDSR,DSR,Available on market,0
ERAA 2025 pre-CfE,2028,MK00,HP - iDSR,DSR,Available on market,0
ERAA 2025 pre-CfE,2028,MT00,EV - iDSR,DSR,Available on market,0
ERAA 2025 pre-CfE,2028,MT00,HP - iDSR,DSR,Available on market,0
ERAA 2025 pre-CfE,2028,NL00,DSR,DSR,Available on market,847
ERAA 2025 pre-CfE,2028,NL00,EV - iDSR,DSR,Available on market,0
ERAA 2025 pre-CfE,2028,NL00,HP - iDSR,DSR,Available on market,0
ERAA 2025 pre-CfE,2028,NOM1,EV - iDSR,DSR,Available on market,0
ERAA 2025 pre-CfE,2028,NOM1,HP - iDSR,DSR,Available on market,0
ERAA 2025 pre-CfE,2028,NON1,EV - iDSR,DSR,Available on market,0
ERAA 2025 pre-CfE,2028,NON1,HP - iDSR,DSR,Available on market,0
ERAA 2025 pre-CfE,2028,NOS1,EV - iDSR,DSR,Available on market,0
ERAA 2025 pre-CfE,2028,NOS1,HP - iDSR,DSR,Available on market,0
ERAA 2025 pre-CfE,2028,NOS2,EV - iDSR,DSR,Available on market,0
ERAA 2025 pre-CfE,2028,NOS2,HP - iDSR,DSR,Available on market,0
ERAA 2025 pre-CfE,2028,NOS3,EV - iDSR,DSR,Available on market,0
ERAA 2025 pre-CfE,2028,NOS3,HP - iDSR,DSR,Available on market,0
ERAA 2025 pre-CfE,2028,PL00,EV - iDSR,DSR,Available on market,0
ERAA 2025 pre-CfE,2028,PL00,HP - iDSR,DSR,Available on market,0
ERAA 2025 pre-CfE,2028,PT00,EV - iDSR,DSR,Available on market,0
ERAA 2025 pre-CfE,2028,PT00,HP - iDSR,DSR,Available on market,0
ERAA 2025 pre-CfE,2028,RO00,EV - iDSR,DSR,Available on market,0
ERAA 2025 pre-CfE,2028,RO00,HP - iDSR,DSR,Available on market,0
ERAA 2025 pre-CfE,2028,RS00,EV - iDSR,DSR,Available on market,0
ERAA 2025 pre-CfE,2028,RS00,HP - iDSR,DSR,Available on market,0
ERAA 2025 pre-CfE,2028,SE01,DSR,DSR,Available on market,140
ERAA 2025 pre-CfE,2028,SE01,EV - iDSR,DSR,Available on market,0
ERAA 2025 pre-CfE,2028,SE01,HP - iDSR,DSR,Available on market,0
ERAA 2025 pre-CfE,2028,SE02,DSR,DSR,Available on market,197
ERAA 2025 pre-CfE,2028,SE02,EV - iDSR,DSR,Available on market,0
ERAA 2025 pre-CfE,2028,SE02,HP - iDSR,DSR,Available on market,0
ERAA 2025 pre-CfE,2028,SE03,DSR,DSR,Available on market,1010
ERAA 2025 pre-CfE,2028,SE03,EV - iDSR,DSR,Available on market,0
ERAA 2025 pre-CfE,2028,SE03,HP - iDSR,DSR,Available on market,0
ERAA 2025 pre-CfE,2028,SE04,DSR,DSR,Available on market,280
ERAA 2025 pre-CfE,2028,SE04,EV - iDSR,DSR,Available on market,0
ERAA 2025 pre-CfE,2028,SE04,HP - iDSR,DSR,Available on market,0
ERAA 2025 pre-CfE,2028,SI00,DSR,DSR,Available on market,10
ERAA 2025 pre-CfE,2028,SI00,EV - iDSR,DSR,Available on market,0
ERAA 2025 pre-CfE,2028,SI00,HP - iDSR,DSR,Available on market,0
ERAA 2025 pre-CfE,2028,SK00,EV - iDSR,DSR,Available on market,0
ERAA 2025 pre-CfE,2028,SK00,HP - iDSR,DSR,Available on market,0
ERAA 2025 pre-CfE,2028,UK00,DSR,DSR,Available on market,4708
ERAA 2025 pre-CfE,2028,UKNI,DSR,DSR,Available on market,170
ERAA 2025 pre-CfE,2028,UKNI,EV - iDSR,DSR,Available on market,0
ERAA 2025 pre-CfE,2028,UKNI,HP - iDSR,DSR,Available on market,0
ERAA 2025 pre-CfE,2028,AL00,Reservoir,Hydro,Available on market,1822
ERAA 2025 pre-CfE,2028,AL00,Run of river,Hydro,Available on market,415
ERAA 2025 pre-CfE,2028,AT00,Open loop pumping,Hydro,Available on market,4332
ERAA 2025 pre-CfE,2028,AT00,Pondage,Hydro,Available on market,1150
ERAA 2025 pre-CfE,2028,AT00,Reservoir,Hydro,Available on market,2532
ERAA 2025 pre-CfE,2028,AT00,Run of river,Hydro,Available on market,4956
ERAA 2025 pre-CfE,2028,BA00,Pondage,Hydro,Available on market,35
ERAA 2025 pre-CfE,2028,BA00,Reservoir,Hydro,Available on market,160
ERAA 2025 pre-CfE,2028,BA00,Run of river,Hydro,Available on market,32
ERAA 2025 pre-CfE,2028,BA00,Open loop pumping,Hydro,Out of market - primary purpose ancillary service,440
ERAA 2025 pre-CfE,2028,BA00,Pondage,Hydro,Out of market - primary purpose ancillary service,193
ERAA 2025 pre-CfE,2028,BA00,Reservoir,Hydro,Out of market - primary purpose ancillary service,1456
ERAA 2025 pre-CfE,2028,BE00,Closed loop pumping,Hydro,Available on market,1305
ERAA 2025 pre-CfE,2028,BE00,Run of river,Hydro,Available on market,143
ERAA 2025 pre-CfE,2028,BG00,Closed loop pumping,Hydro,Available on market,864
ERAA 2025 pre-CfE,2028,BG00,Open loop pumping,Hydro,Available on market,535
ERAA 2025 pre-CfE,2028,BG00,Reservoir,Hydro,Available on market,1281
ERAA 2025 pre-CfE,2028,BG00,Run of river,Hydro,Available on market,536
ERAA 2025 pre-CfE,2028,CH00,Closed loop pumping,Hydro,Available on market,1900
ERAA 2025 pre-CfE,2028,CH00,Open loop pumping,Hydro,Available on market,2345
ERAA 2025 pre-CfE,2028,CH00,Reservoir,Hydro,Available on market,8406
ERAA 2025 pre-CfE,2028,CH00,Run of river,Hydro,Available on market,4211
ERAA 2025 pre-CfE,2028,CZ00,Closed loop pumping,Hydro,Available on market,678
ERAA 2025 pre-CfE,2028,CZ00,Open loop pumping,Hydro,Available on market,470
ERAA 2025 pre-CfE,2028,CZ00,Reservoir,Hydro,Available on market,609
ERAA 2025 pre-CfE,2028,CZ00,Run of river,Hydro,Available on market,415
ERAA 2025 pre-CfE,2028,DE00,Closed loop pumping,Hydro,Available on market,6341
ERAA 2025 pre-CfE,2028,DE00,Open loop pumping,Hydro,Available on market,2232
ERAA 2025 pre-CfE,2028,DE00,Reservoir,Hydro,Available on market,1008
ERAA 2025 pre-CfE,2028,DE00,Run of river,Hydro,Available on market,3934
ERAA 2025 pre-CfE,2028,ES00,Closed loop pumping,Hydro,Available on market,3331
ERAA 2025 pre-CfE,2028,ES00,Open loop pumping,Hydro,Available on market,2717
ERAA 2025 pre-CfE,2028,ES00,Reservoir,Hydro,Available on market,11536
ERAA 2025 pre-CfE,2028,ES00,Run of river,Hydro,Available on market,2968
ERAA 2025 pre-CfE,2028,FI00,Reservoir,Hydro,Available on market,3237
ERAA 2025 pre-CfE,2028,FR00,Closed loop pumping,Hydro,Available on market,1950
ERAA 2025 pre-CfE,2028,FR00,Open loop pumping,Hydro,Available on market,1850
ERAA 2025 pre-CfE,2028,FR00,Reservoir,Hydro,Available on market,9725
ERAA 2025 pre-CfE,2028,FR00,Run of river,Hydro,Available on market,13600
ERAA 2025 pre-CfE,2028,GR00,Closed loop pumping,Hydro,Available on market,680
ERAA 2025 pre-CfE,2028,GR00,Open loop pumping,Hydro,Available on market,699
ERAA 2025 pre-CfE,2028,GR00,Pondage,Hydro,Available on market,22
ERAA 2025 pre-CfE,2028,GR00,Reservoir,Hydro,Available on market,2632
ERAA 2025 pre-CfE,2028,GR00,Run of river,Hydro,Available on market,307
ERAA 2025 pre-CfE,2028,HR00,Open loop pumping,Hydro,Available on market,282
ERAA 2025 pre-CfE,2028,HR00,Pondage,Hydro,Available on market,313
ERAA 2025 pre-CfE,2028,HR00,Reservoir,Hydro,Available on market,1423
ERAA 2025 pre-CfE,2028,HR00,Run of river,Hydro,Available on market,65
ERAA 2025 pre-CfE,2028,HU00,Run of river,Hydro,Available on market,63
ERAA 2025 pre-CfE,2028,IE00,Closed loop pumping,Hydro,Available on market,292
ERAA 2025 pre-CfE,2028,IE00,Run of river,Hydro,Available on market,215
ERAA 2025 pre-CfE,2028,ITCA,Reservoir,Hydro,Available on market,699
ERAA 2025 pre-CfE,2028,ITCA,Run of river,Hydro,Available on market,118
ERAA 2025 pre-CfE,2028,ITCN,Reservoir,Hydro,Available on market,374
ERAA 2025 pre-CfE,2028,ITCN,Run of river,Hydro,Available on market,308
ERAA 2025 pre-CfE,2028,ITCS,Closed loop pumping,Hydro,Available on market,985
ERAA 2025 pre-CfE,2028,ITCS,Open loop pumping,Hydro,Available on market,742
ERAA 2025 pre-CfE,2028,ITCS,Reservoir,Hydro,Available on market,961
ERAA 2025 pre-CfE,2028,ITCS,Run of river,Hydro,Available on market,680
ERAA 2025 pre-CfE,2028,ITN1,Closed loop pumping,Hydro,Available on market,2380
ERAA 2025 pre-CfE,2028,ITN1,Open loop pumping,Hydro,Available on market,2755
ERAA 2025 pre-CfE,2028,ITN1,Reservoir,Hydro,Available on market,6075
ERAA 2025 pre-CfE,2028,ITN1,Run of river,Hydro,Available on market,5663
ERAA 2025 pre-CfE,2028,ITS1,Reservoir,Hydro,Available on market,177
ERAA 2025 pre-CfE,2028,ITS1,Run of river,Hydro,Available on market,53
ERAA 2025 pre-CfE,2028,ITSA,Closed loop pumping,Hydro,Available on market,240
ERAA 2025 pre-CfE,2028,ITSA,Reservoir,Hydro,Available on market,142
ERAA 2025 pre-CfE,2028,ITSA,Run of river,Hydro,Available on market,77
ERAA 2025 pre-CfE,2028,ITSI,Closed loop pumping,Hydro,Available on market,500
ERAA 2025 pre-CfE,2028,ITSI,Open loop pumping,Hydro,Available on market,80
ERAA 2025 pre-CfE,2028,ITSI,Run of river,Hydro,Available on market,129
ERAA 2025 pre-CfE,2028,LT00,Closed loop pumping,Hydro,Available on market,938
ERAA 2025 pre-CfE,2028,LT00,Run of river,Hydro,Available on market,127
ERAA 2025 pre-CfE,2028,LUG1,Run of river,Hydro,Available on market,27
ERAA 2025 pre-CfE,2028,LUV1,Closed loop pumping,Hydro,Available on market,1300
ERAA 2025 pre-CfE,2028,LV00,Pondage,Hydro,Available on market,1592
ERAA 2025 pre-CfE,2028,MD00,Run of river,Hydro,Available on market,17
ERAA 2025 pre-CfE,2028,MD00,Run of river,Hydro,Inelastic supply / fixed profile,48
ERAA 2025 pre-CfE,2028,ME00,Reservoir,Hydro,Available on market,706
ERAA 2025 pre-CfE,2028,ME00,Run of river,Hydro,Available on market,581
ERAA 2025 pre-CfE,2028,MK00,Reservoir,Hydro,Available on market,539
ERAA 2025 pre-CfE,2028,MK00,Run of river,Hydro,Available on market,222
ERAA 2025 pre-CfE,2028,NL00,Run of river,Hydro,Inelastic supply / fixed profile,37
ERAA 2025 pre-CfE,2028,NOM1,Open loop pumping,Hydro,Available on market,66
ERAA 2025 pre-CfE,2028,NOM1,Reservoir,Hydro,Available on market,3232
ERAA 2025 pre-CfE,2028,NOM1,Run of river,Hydro,Available on market,1044
ERAA 2025 pre-CfE,2028,NON1,Open loop pumping,Hydro,Available on market,4
ERAA 2025 pre-CfE,2028,NON1,Reservoir,Hydro,Available on market,4767
ERAA 2025 pre-CfE,2028,NON1,Run of river,Hydro,Available on market,689
ERAA 2025 pre-CfE,2028,NOS1,Open loop pumping,Hydro,Available on market,3
ERAA 2025 pre-CfE,2028,NOS1,Reservoir,Hydro,Available on market,5205
ERAA 2025 pre-CfE,2028,NOS1,Run of river,Hydro,Available on market,2919
ERAA 2025 pre-CfE,2028,NOS2,Open loop pumping,Hydro,Available on market,249
ERAA 2025 pre-CfE,2028,NOS2,Reservoir,Hydro,Available on market,7965
ERAA 2025 pre-CfE,2028,NOS2,Run of river,Hydro,Available on market,956
ERAA 2025 pre-CfE,2028,NOS3,Open loop pumping,Hydro,Available on market,419
ERAA 2025 pre-CfE,2028,NOS3,Reservoir,Hydro,Available on market,5524
ERAA 2025 pre-CfE,2028,NOS3,Run of river,Hydro,Available on market,687
ERAA 2025 pre-CfE,2028,PL00,Closed loop pumping,Hydro,Available on market,1279
ERAA 2025 pre-CfE,2028,PL00,Open loop pumping,Hydro,Available on market,118
ERAA 2025 pre-CfE,2028,PL00,Reservoir,Hydro,Available on market,425
ERAA 2025 pre-CfE,2028,PL00,Run of river,Hydro,Inelastic supply / fixed profile,524
ERAA 2025 pre-CfE,2028,PT00,Marine,Hydro,Available on market,1
ERAA 2025 pre-CfE,2028,PT00,Open loop pumping,Hydro,Available on market,3839
ERAA 2025 pre-CfE,2028,PT00,Pondage,Hydro,Available on market,280
ERAA 2025 pre-CfE,2028,PT00,Reservoir,Hydro,Available on market,3766
ERAA 2025 pre-CfE,2028,PT00,Run of river,Hydro,Available on market,508
ERAA 2025 pre-CfE,2028,RO00,Pondage,Hydro,Available on market,345
ERAA 2025 pre-CfE,2028,RO00,Reservoir,Hydro,Available on market,2133
ERAA 2025 pre-CfE,2028,RO00,Run of river,Hydro,Available on market,3465
ERAA 2025 pre-CfE,2028,RO00,Run of river,Hydro,Mothballed,16
ERAA 2025 pre-CfE,2028,RS00,Closed loop pumping,Hydro,Available on market,614
ERAA 2025 pre-CfE,2028,RS00,Reservoir,Hydro,Available on market,435
ERAA 2025 pre-CfE,2028,RS00,Run of river,Hydro,Available on market,1996
ERAA 2025 pre-CfE,2028,SE01,Reservoir,Hydro,Available on market,5444
ERAA 2025 pre-CfE,2028,SE02,Reservoir,Hydro,Available on market,7650
ERAA 2025 pre-CfE,2028,SE03,Reservoir,Hydro,Available on market,2286
ERAA 2025 pre-CfE,2028,SE04,Reservoir,Hydro,Available on market,237
ERAA 2025 pre-CfE,2028,SI00,Pondage,Hydro,Available on market,1007
ERAA 2025 pre-CfE,2028,SI00,Reservoir,Hydro,Available on market,21
ERAA 2025 pre-CfE,2028,SI00,Run of river,Hydro,Inelastic supply / fixed profile,135
ERAA 2025 pre-CfE,2028,SK00,Closed loop pumping,Hydro,Available on market,730
ERAA 2025 pre-CfE,2028,SK00,Open loop pumping,Hydro,Available on market,276
ERAA 2025 pre-CfE,2028,SK00,Pondage,Hydro,Available on market,203
ERAA 2025 pre-CfE,2028,SK00,Reservoir,Hydro,Available on market,21
ERAA 2025 pre-CfE,2028,SK00,Run of river,Hydro,Available on market,1401
ERAA 2025 pre-CfE,2028,UK00,Closed loop pumping,Hydro,Available on market,2744
ERAA 2025 pre-CfE,2028,UK00,Marine,Hydro,Available on market,252
ERAA 2025 pre-CfE,2028,UK00,Run of river,Hydro,Available on market,1926
ERAA 2025 pre-CfE,2028,UKNI,Run of river,Hydro,Available on market,6
ERAA 2025 pre-CfE,2028,AT00,Small biomass,Others RES,Available on market,640
ERAA 2025 pre-CfE,2028,AT00,Waste,Others RES,Available on market,108
ERAA 2025 pre-CfE,2028,BE00,Small biomass,Others RES,Available on market,567
ERAA 2025 pre-CfE,2028,BE00,Waste,Others RES,Available on market,30
ERAA 2025 pre-CfE,2028,BG00,Small biomass,Others RES,Available on market,80
ERAA 2025 pre-CfE,2028,CH00,Small biomass,Others RES,Available on market,69
ERAA 2025 pre-CfE,2028,CH00,Waste,Others RES,Available on market,231
ERAA 2025 pre-CfE,2028,CY00,Waste,Others RES,Available on market,17
ERAA 2025 pre-CfE,2028,CZ00,Small biomass,Others RES,Available on market,950
ERAA 2025 pre-CfE,2028,CZ00,Waste,Others RES,Available on market,261
ERAA 2025 pre-CfE,2028,DE00,Small biomass,Others RES,Inelastic supply / fixed profile,10420
ERAA 2025 pre-CfE,2028,DE00,Waste,Others RES,Inelastic supply / fixed profile,1938
ERAA 2025 pre-CfE,2028,EE00,Small biomass,Others RES,Available on market,152
ERAA 2025 pre-CfE,2028,EE00,Waste,Others RES,Available on market,17
ERAA 2025 pre-CfE,2028,ES00,Small biomass,Others RES,Available on market,1697
ERAA 2025 pre-CfE,2028,FI00,Small biomass,Others RES,Available on market,1683
ERAA 2025 pre-CfE,2028,FI00,Waste,Others RES,Available on market,153
ERAA 2025 pre-CfE,2028,FR00,Small biomass,Others RES,Available on market,1304
ERAA 2025 pre-CfE,2028,FR00,Waste,Others RES,Available on market,449
ERAA 2025 pre-CfE,2028,GR00,Small biomass,Others RES,Available on market,139
ERAA 2025 pre-CfE,2028,GR03,Small biomass,Others RES,Available on market,3
ERAA 2025 pre-CfE,2028,HR00,Small biomass,Others RES,Available on market,99
ERAA 2025 pre-CfE,2028,HU00,Geothermal,Others RES,Available on market,19
ERAA 2025 pre-CfE,2028,HU00,Small biomass,Others RES,Available on market,157
ERAA 2025 pre-CfE,2028,HU00,Waste,Others RES,Available on market,37
ERAA 2025 pre-CfE,2028,IE00,Small biomass,Others RES,Available on market,31
ERAA 2025 pre-CfE,2028,IE00,Waste,Others RES,Available on market,78
ERAA 2025 pre-CfE,2028,ITCA,Small biomass,Others RES,Available on market,172
ERAA 2025 pre-CfE,2028,ITCA,Waste,Others RES,Available on market,21
ERAA 2025 pre-CfE,2028,ITCN,Geothermal,Others RES,Available on market,862
ERAA 2025 pre-CfE,2028,ITCN,Small biomass,Others RES,Available on market,165
ERAA 2025 pre-CfE,2028,ITCN,Waste,Others RES,Available on market,32
ERAA 2025 pre-CfE,2028,ITCS,Small biomass,Others RES,Available on market,339
ERAA 2025 pre-CfE,2028,ITCS,Waste,Others RES,Available on market,180
ERAA 2025 pre-CfE,2028,ITN1,Small biomass,Others RES,Available on market,1788
ERAA 2025 pre-CfE,2028,ITN1,Waste,Others RES,Available on market,512
ERAA 2025 pre-CfE,2028,ITS1,Small biomass,Others RES,Available on market,408
ERAA 2025 pre-CfE,2028,ITS1,Waste,Others RES,Available on market,50
ERAA 2025 pre-CfE,2028,ITSA,Small biomass,Others RES,Available on market,94
ERAA 2025 pre-CfE,2028,ITSA,Waste,Others RES,Available on market,24
ERAA 2025 pre-CfE,2028,ITSI,Small biomass,Others RES,Available on market,94
ERAA 2025 pre-CfE,2028,ITSI,Waste,Others RES,Available on market,8
ERAA 2025 pre-CfE,2028,LT00,Small biomass,Others RES,Available on market,150
ERAA 2025 pre-CfE,2028,LT00,Waste,Others RES,Available on market,60
ERAA 2025 pre-CfE,2028,LUG1,Small biomass,Others RES,Available on market,99
ERAA 2025 pre-CfE,2028,LV00,Small biomass,Others RES,Available on market,156
ERAA 2025 pre-CfE,2028,MD00,Small biomass,Others RES,Available on market,3
ERAA 2025 pre-CfE,2028,MK00,Small biomass,Others RES,Available on market,31
ERAA 2025 pre-CfE,2028,NL00,Small biomass,Others RES,Available on market,100
ERAA 2025 pre-CfE,2028,NL00,Small biomass,Others RES,Inelastic supply / fixed profile,419
ERAA 2025 pre-CfE,2028,NL00,Waste,Others RES,Inelastic supply / fixed profile,670
ERAA 2025 pre-CfE,2028,NOM1,Small biomass,Others RES,Available on market,54
ERAA 2025 pre-CfE,2028,NOM1,Waste,Others RES,Available on market,6
ERAA 2025 pre-CfE,2028,NON1,Small biomass,Others RES,Available on market,76
ERAA 2025 pre-CfE,2028,NOS1,Small biomass,Others RES,Available on market,2
ERAA 2025 pre-CfE,2028,NOS1,Waste,Others RES,Available on market,26
ERAA 2025 pre-CfE,2028,NOS2,Waste,Others RES,Available on market,22
ERAA 2025 pre-CfE,2028,NOS3,Small biomass,Others RES,Available on market,11
ERAA 2025 pre-CfE,2028,NOS3,Waste,Others RES,Available on market,11
ERAA 2025 pre-CfE,2028,PL00,Small biomass,Others RES,Inelastic supply / fixed profile,1423
ERAA 2025 pre-CfE,2028,PL00,Waste,Others RES,Inelastic supply / fixed profile,128
ERAA 2025 pre-CfE,2028,PT00,Small biomass,Others RES,Available on market,849
ERAA 2025 pre-CfE,2028,PT00,Waste,Others RES,Available on market,80
ERAA 2025 pre-CfE,2028,RO00,Small biomass,Others RES,Available on market,140
ERAA 2025 pre-CfE,2028,RS00,Waste,Others RES,Available on market,30
ERAA 2025 pre-CfE,2028,SE01,Small biomass,Others RES,Available on market,179
ERAA 2025 pre-CfE,2028,SE01,Waste,Others RES,Available on market,15
ERAA 2025 pre-CfE,2028,SE02,Small biomass,Others RES,Available on market,746
ERAA 2025 pre-CfE,2028,SE02,Waste,Others RES,Available on market,19
ERAA 2025 pre-CfE,2028,SE03,Small biomass,Others RES,Available on market,2102
ERAA 2025 pre-CfE,2028,SE03,Waste,Others RES,Available on market,343
ERAA 2025 pre-CfE,2028,SE04,Small biomass,Others RES,Available on market,753
ERAA 2025 pre-CfE,2028,SE04,Waste,Others RES,Available on market,73
ERAA 2025 pre-CfE,2028,SI00,Small biomass,Others RES,Inelastic supply / fixed profile,63
ERAA 2025 pre-CfE,2028,SK00,Geothermal,Others RES,Inelastic supply / fixed profile,12
ERAA 2025 pre-CfE,2028,SK00,Small biomass,Others RES,Inelastic supply / fixed profile,101
ERAA 2025 pre-CfE,2028,SK00,Waste,Others RES,Inelastic supply / fixed profile,173
ERAA 2025 pre-CfE,2028,UK00,Small biomass,Others RES,Available on market,4223
ERAA 2025 pre-CfE,2028,UK00,Waste,Others RES,Available on market,3300
ERAA 2025 pre-CfE,2028,AL00,Solar PV utility non-tracking,Solar,Available on market,5
ERAA 2025 pre-CfE,2028,AL00,Solar PV utility tracking,Solar,Available on market,695
ERAA 2025 pre-CfE,2028,AT00,Solar PV utility non-tracking,Solar,Available on market,8920
ERAA 2025 pre-CfE,2028,AT00,Solar PV rooftop residential,Solar,Out of market – for PV/battery dispatch optimization,7360
ERAA 2025 pre-CfE,2028,BA00,Solar PV utility non-tracking,Solar,Available on market,1945
ERAA 2025 pre-CfE,2028,BE00,Solar PV rooftop residential,Solar,Available on market,13854
ERAA 2025 pre-CfE,2028,BG00,Solar PV utility non-tracking,Solar,Available on market,5411
ERAA 2025 pre-CfE,2028,CH00,Solar PV utility non-tracking,Solar,Available on market,180
ERAA 2025 pre-CfE,2028,CH00,Solar PV rooftop industrial,Solar,Out of market – for PV/battery dispatch optimization,8397
ERAA 2025 pre-CfE,2028,CH00,Solar PV rooftop residential,Solar,Out of market – for PV/battery dispatch optimization,5598
ERAA 2025 pre-CfE,2028,CY00,Solar PV rooftop industrial,Solar,Available on market,56
ERAA 2025 pre-CfE,2028,CY00,Solar PV rooftop residential,Solar,Available on market,319
ERAA 2025 pre-CfE,2028,CY00,Solar PV utility non-tracking,Solar,Available on market,494
ERAA 2025 pre-CfE,2028,CY00,Solar PV utility tracking,Solar,Available on market,26
ERAA 2025 pre-CfE,2028,CZ00,Solar PV rooftop residential,Solar,Available on market,2440
ERAA 2025 pre-CfE,2028,CZ00,Solar PV utility non-tracking,Solar,Available on market,5540
ERAA 2025 pre-CfE,2028,DE00,Solar PV rooftop industrial,Solar,Available on market,33911
ERAA 2025 pre-CfE,2028,DE00,Solar PV rooftop residential,Solar,Available on market,75479
ERAA 2025 pre-CfE,2028,DE00,Solar PV utility non-tracking,Solar,Available on market,65206
ERAA 2025 pre-CfE,2028,DKE1,Solar PV rooftop industrial,Solar,Available on market,449
ERAA 2025 pre-CfE,2028,DKE1,Solar PV rooftop residential,Solar,Available on market,492
ERAA 2025 pre-CfE,2028,DKE1,Solar PV utility non-tracking,Solar,Available on market,2513
ERAA 2025 pre-CfE,2028,DKE1,Solar PV utility tracking,Solar,Available on market,662
ERAA 2025 pre-CfE,2028,DKW1,Solar PV rooftop industrial,Solar,Available on market,680
ERAA 2025 pre-CfE,2028,DKW1,Solar PV rooftop residential,Solar,Available on market,930
ERAA 2025 pre-CfE,2028,DKW1,Solar PV utility non-tracking,Solar,Available on market,6317
ERAA 2025 pre-CfE,2028,DKW1,Solar PV utility tracking,Solar,Available on market,1512
ERAA 2025 pre-CfE,2028,EE00,Solar PV utility non-tracking,Solar,Available on market,1470
ERAA 2025 pre-CfE,2028,ES00,Solar PV rooftop residential,Solar,Available on market,12844
ERAA 2025 pre-CfE,2028,ES00,Solar PV utility non-tracking,Solar,Available on market,33219
ERAA 2025 pre-CfE,2028,ES00,Solar PV utility tracking,Solar,Available on market,11238
ERAA 2025 pre-CfE,2028,ES00,Solar thermal with storage,Solar,Available on market,1034
ERAA 2025 pre-CfE,2028,ES00,Solar thermal without storage,Solar,Available on market,1271
ERAA 2025 pre-CfE,2028,FI00,Solar PV rooftop residential,Solar,Available on market,2118
ERAA 2025 pre-CfE,2028,FI00,Solar PV utility non-tracking,Solar,Available on market,4731
ERAA 2025 pre-CfE,2028,FR00,Solar PV rooftop industrial,Solar,Available on market,10292
ERAA 2025 pre-CfE,2028,FR00,Solar PV rooftop residential,Solar,Available on market,6308
ERAA 2025 pre-CfE,2028,FR00,Solar PV utility non-tracking,Solar,Available on market,16600
ERAA 2025 pre-CfE,2028,GR00,Solar PV rooftop industrial,Solar,Available on market,154
ERAA 2025 pre-CfE,2028,GR00,Solar PV rooftop residential,Solar,Available on market,678
ERAA 2025 pre-CfE,2028,GR00,Solar PV utility non-tracking,Solar,Available on market,10198
ERAA 2025 pre-CfE,2028,GR03,Solar PV rooftop industrial,Solar,Available on market,31
ERAA 2025 pre-CfE,2028,GR03,Solar PV rooftop residential,Solar,Available on market,77
ERAA 2025 pre-CfE,2028,GR03,Solar PV utility non-tracking,Solar,Available on market,243
ERAA 2025 pre-CfE,2028,HR00,Solar PV rooftop industrial,Solar,Available on market,98
ERAA 2025 pre-CfE,2028,HR00,Solar PV rooftop residential,Solar,Available on market,724
ERAA 2025 pre-CfE,2028,HR00,Solar PV utility tracking,Solar,Available on market,851
ERAA 2025 pre-CfE,2028,HU00,Solar PV rooftop industrial,Solar,Available on market,1165
ERAA 2025 pre-CfE,2028,HU00,Solar PV rooftop residential,Solar,Available on market,3022
ERAA 2025 pre-CfE,2028,HU00,Solar PV utility non-tracking,Solar,Available on market,6246
ERAA 2025 pre-CfE,2028,HU00,Solar PV utility tracking,Solar,Available on market,694
ERAA 2025 pre-CfE,2028,HU00,Solar PV rooftop residential,Solar,Out of market – for PV/battery dispatch optimization,79
ERAA 2025 pre-CfE,2028,IE00,Solar PV rooftop residential,Solar,Available on market,1916
ERAA 2025 pre-CfE,2028,IE00,Solar PV utility non-tracking,Solar,Available on market,2852
ERAA 2025 pre-CfE,2028,ITCA,Solar PV rooftop industrial,Solar,Available on market,631
ERAA 2025 pre-CfE,2028,ITCA,Solar PV utility non-tracking,Solar,Available on market,443
ERAA 2025 pre-CfE,2028,ITCA,Solar PV utility tracking,Solar,Available on market,642
ERAA 2025 pre-CfE,2028,ITCN,Solar PV rooftop industrial,Solar,Available on market,1972
ERAA 2025 pre-CfE,2028,ITCN,Solar PV utility non-tracking,Solar,Available on market,2203
ERAA 2025 pre-CfE,2028,ITCN,Solar PV utility tracking,Solar,Available on market,1701
ERAA 2025 pre-CfE,2028,ITCS,Solar PV rooftop industrial,Solar,Available on market,3325
ERAA 2025 pre-CfE,2028,ITCS,Solar PV utility non-tracking,Solar,Available on market,2863
ERAA 2025 pre-CfE,2028,ITCS,Solar PV utility tracking,Solar,Available on market,5199
ERAA 2025 pre-CfE,2028,ITN1,Solar PV rooftop industrial,Solar,Available on market,18457
ERAA 2025 pre-CfE,2028,ITN1,Solar PV utility non-tracking,Solar,Available on market,7831
ERAA 2025 pre-CfE,2028,ITN1,Solar PV utility tracking,Solar,Available on market,2043
ERAA 2025 pre-CfE,2028,ITS1,Solar PV rooftop industrial,Solar,Available on market,952
ERAA 2025 pre-CfE,2028,ITS1,Solar PV utility non-tracking,Solar,Available on market,2573
ERAA 2025 pre-CfE,2028,ITS1,Solar PV utility tracking,Solar,Available on market,2730
ERAA 2025 pre-CfE,2028,ITSA,Solar PV rooftop industrial,Solar,Available on market,829
ERAA 2025 pre-CfE,2028,ITSA,Solar PV utility non-tracking,Solar,Available on market,815
ERAA 2025 pre-CfE,2028,ITSA,Solar PV utility tracking,Solar,Available on market,2006
ERAA 2025 pre-CfE,2028,ITSI,Solar PV rooftop industrial,Solar,Available on market,1864
ERAA 2025 pre-CfE,2028,ITSI,Solar PV utility non-tracking,Solar,Available on market,1402
ERAA 2025 pre-CfE,2028,ITSI,Solar PV utility tracking,Solar,Available on market,3841
ERAA 2025 pre-CfE,2028,ITSI,Solar thermal without storage,Solar,Available on market,30
ERAA 2025 pre-CfE,2028,LT00,Solar PV rooftop residential,Solar,Available on market,1550
ERAA 2025 pre-CfE,2028,LT00,Solar PV utility non-tracking,Solar,Available on market,2369
ERAA 2025 pre-CfE,2028,LUG1,Solar PV rooftop residential,Solar,Available on market,480
ERAA 2025 pre-CfE,2028,LUG1,Solar PV utility non-tracking,Solar,Available on market,206
ERAA 2025 pre-CfE,2028,LV00,Solar PV rooftop industrial,Solar,Available on market,560
ERAA 2025 pre-CfE,2028,LV00,Solar PV rooftop residential,Solar,Available on market,475
ERAA 2025 pre-CfE,2028,LV00,Solar thermal without storage,Solar,Available on market,50
ERAA 2025 pre-CfE,2028,MD00,Solar PV rooftop residential,Solar,Available on market,9
ERAA 2025 pre-CfE,2028,MD00,Solar PV utility non-tracking,Solar,Available on market,305
ERAA 2025 pre-CfE,2028,ME00,Solar PV rooftop industrial,Solar,Available on market,489
ERAA 2025 pre-CfE,2028,MK00,Solar PV rooftop residential,Solar,Available on market,1142
ERAA 2025 pre-CfE,2028,MK00,Solar PV utility non-tracking,Solar,Available on market,554
ERAA 2025 pre-CfE,2028,MT00,Solar PV rooftop industrial,Solar,Available on market,165
ERAA 2025 pre-CfE,2028,MT00,Solar PV rooftop residential,Solar,Available on market,140
ERAA 2025 pre-CfE,2028,MT00,Solar PV utility non-tracking,Solar,Available on market,13
ERAA 2025 pre-CfE,2028,NL00,Solar PV rooftop industrial,Solar,Available on market,14580
ERAA 2025 pre-CfE,2028,NL00,Solar PV rooftop residential,Solar,Available on market,19621
ERAA 2025 pre-CfE,2028,NL00,Solar PV utility tracking,Solar,Available on market,11201
ERAA 2025 pre-CfE,2028,NOM1,Solar PV rooftop industrial,Solar,Available on market,1069
ERAA 2025 pre-CfE,2028,NOS1,Solar PV rooftop industrial,Solar,Available on market,1415
ERAA 2025 pre-CfE,2028,NOS2,Solar PV rooftop industrial,Solar,Available on market,1180
ERAA 2025 pre-CfE,2028,NOS3,Solar PV rooftop industrial,Solar,Available on market,475
ERAA 2025 pre-CfE,2028,PL00,Solar PV rooftop residential,Solar,Available on market,13500
ERAA 2025 pre-CfE,2028,PL00,Solar PV utility non-tracking,Solar,Available on market,11776
ERAA 2025 pre-CfE,2028,PT00,Solar PV rooftop industrial,Solar,Available on market,602
ERAA 2025 pre-CfE,2028,PT00,Solar PV utility non-tracking,Solar,Available on market,6675
ERAA 2025 pre-CfE,2028,RO00,Solar PV rooftop residential,Solar,Available on market,3500
ERAA 2025 pre-CfE,2028,RO00,Solar PV utility non-tracking,Solar,Available on market,3400
ERAA 2025 pre-CfE,2028,RS00,Solar PV utility non-tracking,Solar,Available on market,3169
ERAA 2025 pre-CfE,2028,SE01,Solar PV rooftop residential,Solar,Available on market,91
ERAA 2025 pre-CfE,2028,SE01,Solar PV utility non-tracking,Solar,Available on market,91
ERAA 2025 pre-CfE,2028,SE02,Solar PV rooftop residential,Solar,Available on market,235
ERAA 2025 pre-CfE,2028,SE02,Solar PV utility non-tracking,Solar,Available on market,154
ERAA 2025 pre-CfE,2028,SE03,Solar PV rooftop residential,Solar,Available on market,3414
ERAA 2025 pre-CfE,2028,SE03,Solar PV utility non-tracking,Solar,Available on market,113
ERAA 2025 pre-CfE,2028,SE04,Solar PV rooftop residential,Solar,Available on market,1489
ERAA 2025 pre-CfE,2028,SI00,Solar PV rooftop residential,Solar,Inelastic supply / fixed profile,1400
ERAA 2025 pre-CfE,2028,SI00,Solar PV utility non-tracking,Solar,Inelastic supply / fixed profile,802
ERAA 2025 pre-CfE,2028,SK00,Solar PV rooftop industrial,Solar,Available on market,570
ERAA 2025 pre-CfE,2028,SK00,Solar PV rooftop residential,Solar,Available on market,645
ERAA 2025 pre-CfE,2028,SK00,Solar PV utility non-tracking,Solar,Available on market,25
ERAA 2025 pre-CfE,2028,UK00,Solar PV utility non-tracking,Solar,Available on market,28258
ERAA 2025 pre-CfE,2028,UKNI,Solar PV utility non-tracking,Solar,Available on market,355
ERAA 2025 pre-CfE,2028,AT00,Battery utility scale,Storage,Available on market,916
ERAA 2025 pre-CfE,2028,AT00,Electrolyser,Storage,Available on market,673
ERAA 2025 pre-CfE,2028,AT00,Battery residential,Storage,Out of market – for PV/battery dispatch optimization,2620
ERAA 2025 pre-CfE,2028,BE00,Battery residential,Storage,Available on market,193
ERAA 2025 pre-CfE,2028,BE00,Battery utility scale,Storage,Available on market,964
ERAA 2025 pre-CfE,2028,BE00,Electrolyser,Storage,Available on market,25
ERAA 2025 pre-CfE,2028,BG00,Battery utility scale,Storage,Available on market,774
ERAA 2025 pre-CfE,2028,CH00,Electrolyser,Storage,Available on market,191
ERAA 2025 pre-CfE,2028,CH00,Battery residential,Storage,Out of market – for PV/battery dispatch optimization,2131
ERAA 2025 pre-CfE,2028,CH00,Battery utility scale,Storage,Out of market - primary purpose ancillary service,105
ERAA 2025 pre-CfE,2028,CY00,Battery utility scale,Storage,Available on market,160
ERAA 2025 pre-CfE,2028,CZ00,Battery utility scale,Storage,Available on market,1256
ERAA 2025 pre-CfE,2028,CZ00,Electrolyser,Storage,Available on market,81
ERAA 2025 pre-CfE,2028,DE00,Battery residential,Storage,Available on market,681
ERAA 2025 pre-CfE,2028,DE00,Battery utility scale,Storage,Available on market,14341
ERAA 2025 pre-CfE,2028,DE00,Electrolyser,Storage,Available on market,5783
ERAA 2025 pre-CfE,2028,DE00,Hydrogen,Storage,Available on market,47
ERAA 2025 pre-CfE,2028,DE00,Power to heat,Storage,Available on market,3732
ERAA 2025 pre-CfE,2028,DE00,Battery residential,Storage,Out of market – for PV/battery dispatch optimization,22009
ERAA 2025 pre-CfE,2028,DKE1,Battery utility scale,Storage,Available on market,225
ERAA 2025 pre-CfE,2028,DKE1,Electrolyser,Storage,Available on market,226
ERAA 2025 pre-CfE,2028,DKW1,Battery utility scale,Storage,Available on market,212
ERAA 2025 pre-CfE,2028,DKW1,Electrolyser,Storage,Available on market,1752
ERAA 2025 pre-CfE,2028,EE00,Battery utility scale,Storage,Available on market,200
ERAA 2025 pre-CfE,2028,ES00,Battery residential,Storage,Available on market,727
ERAA 2025 pre-CfE,2028,ES00,Battery utility scale,Storage,Available on market,2559
ERAA 2025 pre-CfE,2028,ES00,Electrolyser,Storage,Available on market,6438
ERAA 2025 pre-CfE,2028,FI00,Battery utility scale,Storage,Available on market,1911
ERAA 2025 pre-CfE,2028,FI00,Electrolyser,Storage,Available on market,453
ERAA 2025 pre-CfE,2028,FI00,Power to heat,Storage,Available on market,3965
ERAA 2025 pre-CfE,2028,FR00,Battery utility scale,Storage,Available on market,470
ERAA 2025 pre-CfE,2028,FR00,Electrolyser,Storage,Available on market,1625
ERAA 2025 pre-CfE,2028,GR00,Battery utility scale,Storage,Available on market,1800
ERAA 2025 pre-CfE,2028,HR00,Battery utility scale,Storage,Available on market,66
ERAA 2025 pre-CfE,2028,HU00,Battery utility scale,Storage,Available on market,505
ERAA 2025 pre-CfE,2028,HU00,Battery residential,Storage,Out of market – for PV/battery dispatch optimization,79
ERAA 2025 pre-CfE,2028,HU00,Battery utility scale,Storage,Out of market - primary purpose ancillary service,1010
ERAA 2025 pre-CfE,2028,HU00,Power to heat,Storage,Out of market - primary purpose ancillary service,192
ERAA 2025 pre-CfE,2028,IE00,Battery utility scale,Storage,Available on market,1078
ERAA 2025 pre-CfE,2028,ITCA,Battery residential,Storage,Available on market,153
ERAA 2025 pre-CfE,2028,ITCN,Battery residential,Storage,Available on market,521
ERAA 2025 pre-CfE,2028,ITCN,Battery utility scale,Storage,Available on market,20
ERAA 2025 pre-CfE,2028,ITCS,Battery residential,Storage,Available on market,937
ERAA 2025 pre-CfE,2028,ITCS,Battery utility scale,Storage,Available on market,195
ERAA 2025 pre-CfE,2028,ITN1,Battery residential,Storage,Available on market,3343
ERAA 2025 pre-CfE,2028,ITN1,Battery utility scale,Storage,Available on market,790
ERAA 2025 pre-CfE,2028,ITS1,Battery residential,Storage,Available on market,323
ERAA 2025 pre-CfE,2028,ITS1,Battery utility scale,Storage,Available on market,50
ERAA 2025 pre-CfE,2028,ITSA,Battery residential,Storage,Available on market,189
ERAA 2025 pre-CfE,2028,ITSA,Battery utility scale,Storage,Available on market,850
ERAA 2025 pre-CfE,2028,ITSI,Battery residential,Storage,Available on market,362
ERAA 2025 pre-CfE,2028,LT00,Battery utility scale,Storage,Available on market,1060
ERAA 2025 pre-CfE,2028,LT00,Electrolyser,Storage,Available on market,50
ERAA 2025 pre-CfE,2028,LUG1,Electrolyser,Storage,Available on market,22
ERAA 2025 pre-CfE,2028,LUG1,Battery residential,Storage,Out of market – for PV/battery dispatch optimization,10
ERAA 2025 pre-CfE,2028,LV00,Battery utility scale,Storage,Available on market,170
ERAA 2025 pre-CfE,2028,LV00,Battery utility scale,Storage,Out of market - primary purpose ancillary service,80
ERAA 2025 pre-CfE,2028,MD00,Battery utility scale,Storage,Out of market - primary purpose ancillary service,10
ERAA 2025 pre-CfE,2028,MT00,Battery utility scale,Storage,Available on market,40
ERAA 2025 pre-CfE,2028,NL00,Battery residential,Storage,Available on market,480
ERAA 2025 pre-CfE,2028,NL00,Battery utility scale,Storage,Available on market,5954
ERAA 2025 pre-CfE,2028,NL00,Electrolyser,Storage,Available on market,900
ERAA 2025 pre-CfE,2028,NL00,Power to heat,Storage,Available on market,1639
ERAA 2025 pre-CfE,2028,PL00,Battery utility scale,Storage,Available on market,2113
ERAA 2025 pre-CfE,2028,PT00,Battery utility scale,Storage,Available on market,300
ERAA 2025 pre-CfE,2028,PT00,Electrolyser,Storage,Available on market,430
ERAA 2025 pre-CfE,2028,RO00,Battery utility scale,Storage,Available on market,900
ERAA 2025 pre-CfE,2028,RS00,Battery utility scale,Storage,Available on market,604
ERAA 2025 pre-CfE,2028,SE01,Battery utility scale,Storage,Available on market,50
ERAA 2025 pre-CfE,2028,SE01,Electrolyser,Storage,Available on market,975
ERAA 2025 pre-CfE,2028,SE02,Battery utility scale,Storage,Available on market,50
ERAA 2025 pre-CfE,2028,SE03,Battery utility scale,Storage,Available on market,50
ERAA 2025 pre-CfE,2028,SE04,Battery utility scale,Storage,Available on market,50
ERAA 2025 pre-CfE,2028,SI00,Battery residential,Storage,Available on market,192
ERAA 2025 pre-CfE,2028,SI00,Battery utility scale,Storage,Available on market,11
ERAA 2025 pre-CfE,2028,SI00,Electrolyser,Storage,Available on market,5
ERAA 2025 pre-CfE,2028,SI00,Battery utility scale,Storage,Out of market - primary purpose ancillary service,15
ERAA 2025 pre-CfE,2028,SK00,Battery residential,Storage,Available on market,70
ERAA 2025 pre-CfE,2028,SK00,Battery utility scale,Storage,Available on market,160
ERAA 2025 pre-CfE,2028,SK00,Electrolyser,Storage,Available on market,101
ERAA 2025 pre-CfE,2028,SK00,Battery utility scale,Storage,Out of market - primary purpose ancillary service,17
ERAA 2025 pre-CfE,2028,UK00,Battery utility scale,Storage,Available on market,22039
ERAA 2025 pre-CfE,2028,UKNI,Battery utility scale,Storage,Available on market,200
ERAA 2025 pre-CfE,2028,AT00,Light oil,Thermal,Available on market,122
ERAA 2025 pre-CfE,2028,AT00,Natural gas,Thermal,Available on market,4537
ERAA 2025 pre-CfE,2028,BA00,Lignite,Thermal,Available on market,1518
ERAA 2025 pre-CfE,2028,BE00,Biofuel,Thermal,Available on market,354
ERAA 2025 pre-CfE,2028,BE00,Hard coal,Thermal,Available on market,0
ERAA 2025 pre-CfE,2028,BE00,Heavy oil,Thermal,Available on market,140
ERAA 2025 pre-CfE,2028,BE00,Natural gas,Thermal,Available on market,7030
ERAA 2025 pre-CfE,2028,BE00,Nuclear,Thermal,Available on market,2056
ERAA 2025 pre-CfE,2028,BG00,Hard coal,Thermal,Available on market,168
ERAA 2025 pre-CfE,2028,BG00,Lignite,Thermal,Available on market,2142
ERAA 2025 pre-CfE,2028,BG00,Natural gas,Thermal,Available on market,1118
ERAA 2025 pre-CfE,2028,BG00,Nuclear,Thermal,Available on market,2000
ERAA 2025 pre-CfE,2028,CH00,Biofuel,Thermal,Available on market,97
ERAA 2025 pre-CfE,2028,CH00,Natural gas,Thermal,Available on market,575
ERAA 2025 pre-CfE,2028,CH00,Nuclear,Thermal,Available on market,2960
ERAA 2025 pre-CfE,2028,CY00,Heavy oil,Thermal,Available on market,443
ERAA 2025 pre-CfE,2028,CY00,Light oil,Thermal,Available on market,150
ERAA 2025 pre-CfE,2028,CY00,Natural gas,Thermal,Available on market,1133
ERAA 2025 pre-CfE,2028,CZ00,Lignite,Thermal,Available on market,4034
ERAA 2025 pre-CfE,2028,CZ00,Natural gas,Thermal,Available on market,2636
ERAA 2025 pre-CfE,2028,CZ00,Nuclear,Thermal,Available on market,4099
ERAA 2025 pre-CfE,2028,CZ00,Natural gas,Thermal,Out of market - primary purpose ancillary service,106
ERAA 2025 pre-CfE,2028,DE00,Hard coal,Thermal,Available on market,6937
ERAA 2025 pre-CfE,2028,DE00,Heavy oil,Thermal,Available on market,1461
ERAA 2025 pre-CfE,2028,DE00,Lignite,Thermal,Available on market,13037
ERAA 2025 pre-CfE,2028,DE00,Natural gas,Thermal,Available on market,38041
ERAA 2025 pre-CfE,2028,DKE1,Biofuel,Thermal,Available on market,973
ERAA 2025 pre-CfE,2028,DKE1,Hard coal,Thermal,Available on market,0
ERAA 2025 pre-CfE,2028,DKE1,Heavy oil,Thermal,Available on market,32
ERAA 2025 pre-CfE,2028,DKE1,Light oil,Thermal,Available on market,549
ERAA 2025 pre-CfE,2028,DKE1,Natural gas,Thermal,Available on market,293
ERAA 2025 pre-CfE,2028,DKW1,Biofuel,Thermal,Available on market,1098
ERAA 2025 pre-CfE,2028,DKW1,Hard coal,Thermal,Available on market,428
ERAA 2025 pre-CfE,2028,DKW1,Light oil,Thermal,Available on market,157
ERAA 2025 pre-CfE,2028,DKW1,Natural gas,Thermal,Available on market,1350
ERAA 2025 pre-CfE,2028,EE00,Natural gas,Thermal,Available on market,135
ERAA 2025 pre-CfE,2028,EE00,Shale oil,Thermal,Available on market,464
ERAA 2025 pre-CfE,2028,ES00,Natural gas,Thermal,Available on market,24560
ERAA 2025 pre-CfE,2028,ES00,Nuclear,Thermal,Available on market,6106
ERAA 2025 pre-CfE,2028,ES00,Natural gas,Thermal,Inelastic supply / fixed profile,4273
ERAA 2025 pre-CfE,2028,FI00,Biofuel,Thermal,Available on market,1308
ERAA 2025 pre-CfE,2028,FI00,Hard coal,Thermal,Available on market,688
ERAA 2025 pre-CfE,2028,FI00,Heavy oil,Thermal,Available on market,41
ERAA 2025 pre-CfE,2028,FI00,Natural gas,Thermal,Available on market,1265
ERAA 2025 pre-CfE,2028,FI00,Nuclear,Thermal,Available on market,4572
ERAA 2025 pre-CfE,2028,FI00,Natural gas,Thermal,Mothballed,45
ERAA 2025 pre-CfE,2028,FR00,Light oil,Thermal,Available on market,1331
ERAA 2025 pre-CfE,2028,FR00,Natural gas,Thermal,Available on market,12299
ERAA 2025 pre-CfE,2028,FR00,Nuclear,Thermal,Available on market,63020
ERAA 2025 pre-CfE,2028,GR00,Lignite,Thermal,Available on market,616
ERAA 2025 pre-CfE,2028,GR00,Natural gas,Thermal,Available on market,7892
ERAA 2025 pre-CfE,2028,GR03,Light oil,Thermal,Available on market,144
ERAA 2025 pre-CfE,2028,HR00,Hard coal,Thermal,Available on market,290
ERAA 2025 pre-CfE,2028,HR00,Heavy oil,Thermal,Available on market,303
ERAA 2025 pre-CfE,2028,HR00,Natural gas,Thermal,Available on market,1674
ERAA 2025 pre-CfE,2028,HU00,Biofuel,Thermal,Available on market,202
ERAA 2025 pre-CfE,2028,HU00,Hard coal,Thermal,Available on market,71
ERAA 2025 pre-CfE,2028,HU00,Light oil,Thermal,Available on market,495
ERAA 2025 pre-CfE,2028,HU00,Lignite,Thermal,Available on market,206
ERAA 2025 pre-CfE,2028,HU00,Natural gas,Thermal,Available on market,3304
ERAA 2025 pre-CfE,2028,HU00,Nuclear,Thermal,Available on market,1917
ERAA 2025 pre-CfE,2028,IE00,Biofuel,Thermal,Available on market,118
ERAA 2025 pre-CfE,2028,IE00,Light oil,Thermal,Available on market,208
ERAA 2025 pre-CfE,2028,IE00,Lignite,Thermal,Available on market,0
ERAA 2025 pre-CfE,2028,IE00,Natural gas,Thermal,Available on market,5776
ERAA 2025 pre-CfE,2028,IE00,Hard coal,Thermal,Out of market - primary purpose resource adequacy (approved and contracted),520
ERAA 2025 pre-CfE,2028,ITCA,Natural gas,Thermal,Available on market,3524
ERAA 2025 pre-CfE,2028,ITCN,Light oil,Thermal,Available on market,23
ERAA 2025 pre-CfE,2028,ITCN,Natural gas,Thermal,Available on market,1970
ERAA 2025 pre-CfE,2028,ITCS,Light oil,Thermal,Available on market,96
ERAA 2025 pre-CfE,2028,ITCS,Natural gas,Thermal,Available on market,7866
ERAA 2025 pre-CfE,2028,ITN1,Light oil,Thermal,Available on market,15
ERAA 2025 pre-CfE,2028,ITN1,Natural gas,Thermal,Available on market,27788
ERAA 2025 pre-CfE,2028,ITS1,Natural gas,Thermal,Available on market,5170
ERAA 2025 pre-CfE,2028,ITSA,Hard coal,Thermal,Available on market,267
ERAA 2025 pre-CfE,2028,ITSA,Light oil,Thermal,Available on market,65
ERAA 2025 pre-CfE,2028,ITSA,Natural gas,Thermal,Available on market,51
ERAA 2025 pre-CfE,2028,ITSI,Natural gas,Thermal,Available on market,3665
ERAA 2025 pre-CfE,2028,LT00,Natural gas,Thermal,Available on market,719
ERAA 2025 pre-CfE,2028,LT00,Natural gas,Thermal,Mothballed,53
ERAA 2025 pre-CfE,2028,LUG1,Natural gas,Thermal,Available on market,13
ERAA 2025 pre-CfE,2028,LV00,Natural gas,Thermal,Available on market,1051
ERAA 2025 pre-CfE,2028,MD00,Hard coal,Thermal,Available on market,550
ERAA 2025 pre-CfE,2028,MD00,Natural gas,Thermal,Available on market,780
ERAA 2025 pre-CfE,2028,MD00,Natural gas,Thermal,Inelastic supply / fixed profile,409
ERAA 2025 pre-CfE,2028,ME00,Lignite,Thermal,Available on market,225
ERAA 2025 pre-CfE,2028,MK00,Lignite,Thermal,Available on market,300
ERAA 2025 pre-CfE,2028,MK00,Natural gas,Thermal,Available on market,510
ERAA 2025 pre-CfE,2028,MT00,Natural gas,Thermal,Available on market,355
ERAA 2025 pre-CfE,2028,MT00,Light oil,Thermal,Out of market - primary purpose resource adequacy (approved and contracted),175
ERAA 2025 pre-CfE,2028,NL00,Biofuel,Thermal,Available on market,631
ERAA 2025 pre-CfE,2028,NL00,Hard coal,Thermal,Available on market,3381
ERAA 2025 pre-CfE,2028,NL00,Natural gas,Thermal,Available on market,16387
ERAA 2025 pre-CfE,2028,NL00,Nuclear,Thermal,Available on market,486
ERAA 2025 pre-CfE,2028,NL00,Natural gas,Thermal,Mothballed,343
ERAA 2025 pre-CfE,2028,NOS2,Natural gas,Thermal,Available on market,14
ERAA 2025 pre-CfE,2028,NOS3,Natural gas,Thermal,Available on market,7
ERAA 2025 pre-CfE,2028,PL00,Hard coal,Thermal,Available on market,13558
ERAA 2025 pre-CfE,2028,PL00,Lignite,Thermal,Available on market,6520
ERAA 2025 pre-CfE,2028,PL00,Natural gas,Thermal,Available on market,8861
ERAA 2025 pre-CfE,2028,PT00,Natural gas,Thermal,Available on market,3829
ERAA 2025 pre-CfE,2028,PT00,Natural gas,Thermal,Inelastic supply / fixed profile,467
ERAA 2025 pre-CfE,2028,RO00,Hard coal,Thermal,Available on market,135
ERAA 2025 pre-CfE,2028,RO00,Lignite,Thermal,Available on market,854
ERAA 2025 pre-CfE,2028,RO00,Natural gas,Thermal,Available on market,4437
ERAA 2025 pre-CfE,2028,RO00,Nuclear,Thermal,Available on market,650
ERAA 2025 pre-CfE,2028,RS00,Lignite,Thermal,Available on market,4654
ERAA 2025 pre-CfE,2028,RS00,Natural gas,Thermal,Available on market,401
ERAA 2025 pre-CfE,2028,SE01,Natural gas,Thermal,Available on market,97
ERAA 2025 pre-CfE,2028,SE03,Light oil,Thermal,Available on market,142
ERAA 2025 pre-CfE,2028,SE03,Natural gas,Thermal,Available on market,234
ERAA 2025 pre-CfE,2028,SE03,Nuclear,Thermal,Available on market,6981
ERAA 2025 pre-CfE,2028,SE04,Natural gas,Thermal,Available on market,436
ERAA 2025 pre-CfE,2028,SI00,Hard coal,Thermal,Available on market,84
ERAA 2025 pre-CfE,2028,SI00,Lignite,Thermal,Available on market,844
ERAA 2025 pre-CfE,2028,SI00,Natural gas,Thermal,Available on market,772
ERAA 2025 pre-CfE,2028,SI00,Nuclear,Thermal,Available on market,700
ERAA 2025 pre-CfE,2028,SI00,Natural gas,Thermal,Mothballed,58
ERAA 2025 pre-CfE,2028,SK00,Biofuel,Thermal,Available on market,19
ERAA 2025 pre-CfE,2028,SK00,Hard coal,Thermal,Available on market,291
ERAA 2025 pre-CfE,2028,SK00,Heavy oil,Thermal,Available on market,133
ERAA 2025 pre-CfE,2028,SK00,Lignite,Thermal,Available on market,66
ERAA 2025 pre-CfE,2028,SK00,Natural gas,Thermal,Available on market,837
ERAA 2025 pre-CfE,2028,SK00,Nuclear,Thermal,Available on market,2776
ERAA 2025 pre-CfE,2028,SK00,Natural gas,Thermal,Inelastic supply / fixed profile,117
ERAA 2025 pre-CfE,2028,SK00,Light oil,Thermal,Out of market - primary purpose ancillary service,109
ERAA 2025 pre-CfE,2028,SK00,Natural gas,Thermal,Out of market - primary purpose ancillary service,206
ERAA 2025 pre-CfE,2028,UK00,Heavy oil,Thermal,Available on market,705
ERAA 2025 pre-CfE,2028,UK00,Natural gas,Thermal,Available on market,45274
ERAA 2025 pre-CfE,2028,UK00,Nuclear,Thermal,Available on market,3710
ERAA 2025 pre-CfE,2028,UKNI,Biofuel,Thermal,Available on market,18
ERAA 2025 pre-CfE,2028,UKNI,Light oil,Thermal,Available on market,390
ERAA 2025 pre-CfE,2028,UKNI,Lignite,Thermal,Available on market,0
ERAA 2025 pre-CfE,2028,UKNI,Natural gas,Thermal,Available on market,1777
ERAA 2025 pre-CfE,2028,AL00,Wind onshore,Wind,Available on market,300
ERAA 2025 pre-CfE,2028,AT00,Wind onshore,Wind,Available on market,6680
ERAA 2025 pre-CfE,2028,BA00,Wind onshore,Wind,Available on market,1047
ERAA 2025 pre-CfE,2028,BE00,Wind offshore fixed,Wind,Available on market,2260
ERAA 2025 pre-CfE,2028,BE00,Wind onshore,Wind,Available on market,4715
ERAA 2025 pre-CfE,2028,BG00,Wind onshore,Wind,Available on market,1474
ERAA 2025 pre-CfE,2028,CH00,Wind onshore,Wind,Available on market,252
ERAA 2025 pre-CfE,2028,CY00,Wind onshore,Wind,Available on market,170
ERAA 2025 pre-CfE,2028,CZ00,Wind onshore,Wind,Available on market,1135
ERAA 2025 pre-CfE,2028,DE00,Wind offshore fixed,Wind,Available on market,15089
ERAA 2025 pre-CfE,2028,DE00,Wind onshore,Wind,Available on market,79851
ERAA 2025 pre-CfE,2028,DEKF_OFF,Wind offshore fixed,Wind,Available on market,336
ERAA 2025 pre-CfE,2028,DKE1,Wind offshore fixed,Wind,Available on market,773
ERAA 2025 pre-CfE,2028,DKE1,Wind onshore,Wind,Available on market,744
ERAA 2025 pre-CfE,2028,DKKF_OFF,Wind offshore fixed,Wind,Available on market,605
ERAA 2025 pre-CfE,2028,DKW1,Wind offshore fixed,Wind,Available on market,2790
ERAA 2025 pre-CfE,2028,DKW1,Wind onshore,Wind,Available on market,4877
ERAA 2025 pre-CfE,2028,EE00,Wind onshore,Wind,Available on market,1362
ERAA 2025 pre-CfE,2028,ES00,Wind onshore,Wind,Available on market,46611
ERAA 2025 pre-CfE,2028,ESG1_OFF,Wind offshore floating,Wind,Available on market,100
ERAA 2025 pre-CfE,2028,FI00,Wind onshore,Wind,Available on market,12841
ERAA 2025 pre-CfE,2028,FR00,Wind offshore fixed,Wind,Available on market,2930
ERAA 2025 pre-CfE,2028,FR00,Wind offshore floating,Wind,Available on market,85
ERAA 2025 pre-CfE,2028,FR00,Wind onshore,Wind,Available on market,27650
ERAA 2025 pre-CfE,2028,GR00,Wind onshore,Wind,Available on market,7004
ERAA 2025 pre-CfE,2028,GR03,Wind onshore,Wind,Available on market,533
ERAA 2025 pre-CfE,2028,HR00,Wind onshore,Wind,Available on market,1424
ERAA 2025 pre-CfE,2028,HU00,Wind onshore,Wind,Available on market,345
ERAA 2025 pre-CfE,2028,IE00,Wind offshore fixed,Wind,Available on market,25
ERAA 2025 pre-CfE,2028,IE00,Wind onshore,Wind,Available on market,6441
ERAA 2025 pre-CfE,2028,ITCA,Wind onshore,Wind,Available on market,1755
ERAA 2025 pre-CfE,2028,ITCN,Wind onshore,Wind,Available on market,216
ERAA 2025 pre-CfE,2028,ITCS,Wind onshore,Wind,Available on market,3776
ERAA 2025 pre-CfE,2028,ITN1,Wind onshore,Wind,Available on market,318
ERAA 2025 pre-CfE,2028,ITS1,Wind offshore fixed,Wind,Available on market,30
ERAA 2025 pre-CfE,2028,ITS1,Wind onshore,Wind,Available on market,7844
ERAA 2025 pre-CfE,2028,ITSA,Wind onshore,Wind,Available on market,1772
ERAA 2025 pre-CfE,2028,ITSI,Wind onshore,Wind,Available on market,3481
ERAA 2025 pre-CfE,2028,LT00,Wind onshore,Wind,Available on market,4015
ERAA 2025 pre-CfE,2028,LUG1,Wind onshore,Wind,Available on market,396
ERAA 2025 pre-CfE,2028,LV00,Wind onshore,Wind,Available on market,452
ERAA 2025 pre-CfE,2028,MD00,Wind onshore,Wind,Available on market,493
ERAA 2025 pre-CfE,2028,ME00,Wind onshore,Wind,Available on market,195
ERAA 2025 pre-CfE,2028,MK00,Wind onshore,Wind,Available on market,117
ERAA 2025 pre-CfE,2028,NL00,Wind offshore fixed,Wind,Available on market,6295
ERAA 2025 pre-CfE,2028,NL00,Wind onshore,Wind,Available on market,7727
ERAA 2025 pre-CfE,2028,NOM1,Wind onshore,Wind,Available on market,2111
ERAA 2025 pre-CfE,2028,NON1,Wind onshore,Wind,Available on market,1160
ERAA 2025 pre-CfE,2028,NOS1,Wind onshore,Wind,Available on market,406
ERAA 2025 pre-CfE,2028,NOS2,Wind onshore,Wind,Available on market,1273
ERAA 2025 pre-CfE,2028,NOS3,Wind onshore,Wind,Available on market,160
ERAA 2025 pre-CfE,2028,PL00,Wind offshore fixed,Wind,Available on market,3037
ERAA 2025 pre-CfE,2028,PL00,Wind onshore,Wind,Available on market,16314
ERAA 2025 pre-CfE,2028,PT00,Wind offshore floating,Wind,Available on market,43
ERAA 2025 pre-CfE,2028,PT00,Wind onshore,Wind,Available on market,6864
ERAA 2025 pre-CfE,2028,RO00,Wind onshore,Wind,Available on market,5600
ERAA 2025 pre-CfE,2028,RS00,Wind onshore,Wind,Available on market,6138
ERAA 2025 pre-CfE,2028,SE01,Wind onshore,Wind,Available on market,4065
ERAA 2025 pre-CfE,2028,SE02,Wind onshore,Wind,Available on market,7953
ERAA 2025 pre-CfE,2028,SE03,Wind offshore fixed,Wind,Available on market,32
ERAA 2025 pre-CfE,2028,SE03,Wind onshore,Wind,Available on market,4580
ERAA 2025 pre-CfE,2028,SE04,Wind offshore fixed,Wind,Available on market,330
ERAA 2025 pre-CfE,2028,SE04,Wind onshore,Wind,Available on market,2415
ERAA 2025 pre-CfE,2028,SI00,Wind onshore,Wind,Inelastic supply / fixed profile,88
ERAA 2025 pre-CfE,2028,SK00,Wind onshore,Wind,Available on market,420
ERAA 2025 pre-CfE,2028,UK00,Wind offshore fixed,Wind,Available on market,30119
ERAA 2025 pre-CfE,2028,UK00,Wind offshore floating,Wind,Available on market,100
ERAA 2025 pre-CfE,2028,UK00,Wind onshore,Wind,Available on market,20896
ERAA 2025 pre-CfE,2028,UKNI,Wind onshore,Wind,Available on market,1635
ERAA 2025 pre-CfE,2030,AL00,EV - iDSR,DSR,Available on market,0
ERAA 2025 pre-CfE,2030,AL00,HP - iDSR,DSR,Available on market,0
ERAA 2025 pre-CfE,2030,AT00,DSR,DSR,Available on market,600
ERAA 2025 pre-CfE,2030,AT00,EV - iDSR,DSR,Available on market,0
ERAA 2025 pre-CfE,2030,AT00,HP - iDSR,DSR,Available on market,0
ERAA 2025 pre-CfE,2030,BA00,EV - iDSR,DSR,Available on market,0
ERAA 2025 pre-CfE,2030,BA00,HP - iDSR,DSR,Available on market,0
ERAA 2025 pre-CfE,2030,BE00,DSR,DSR,Available on market,2067
ERAA 2025 pre-CfE,2030,BE00,EV - iDSR,DSR,Available on market,105
ERAA 2025 pre-CfE,2030,BE00,HP - iDSR,DSR,Available on market,34
ERAA 2025 pre-CfE,2030,BG00,EV - iDSR,DSR,Available on market,0
ERAA 2025 pre-CfE,2030,BG00,HP - iDSR,DSR,Available on market,0
ERAA 2025 pre-CfE,2030,CH00,EV - iDSR,DSR,Available on market,554
ERAA 2025 pre-CfE,2030,CH00,HP - iDSR,DSR,Available on market,8685
ERAA 2025 pre-CfE,2030,CY00,EV - iDSR,DSR,Available on market,0
ERAA 2025 pre-CfE,2030,CY00,HP - iDSR,DSR,Available on market,0
ERAA 2025 pre-CfE,2030,CZ00,DSR,DSR,Available on market,150
ERAA 2025 pre-CfE,2030,CZ00,EV - iDSR,DSR,Available on market,0
ERAA 2025 pre-CfE,2030,CZ00,HP - iDSR,DSR,Available on market,0
ERAA 2025 pre-CfE,2030,DE00,DSR,DSR,Available on market,3162
ERAA 2025 pre-CfE,2030,DE00,EV - iDSR,DSR,Available on market,8766
ERAA 2025 pre-CfE,2030,DE00,HP - iDSR,DSR,Available on market,204
ERAA 2025 pre-CfE,2030,DKE1,DSR,DSR,Available on market,1672
ERAA 2025 pre-CfE,2030,DKE1,EV - iDSR,DSR,Available on market,0
ERAA 2025 pre-CfE,2030,DKE1,HP - iDSR,DSR,Available on market,0
ERAA 2025 pre-CfE,2030,DKW1,DSR,DSR,Available on market,2901
ERAA 2025 pre-CfE,2030,DKW1,EV - iDSR,DSR,Available on market,0
ERAA 2025 pre-CfE,2030,DKW1,HP - iDSR,DSR,Available on market,0
ERAA 2025 pre-CfE,2030,EE00,DSR,DSR,Available on market,198
ERAA 2025 pre-CfE,2030,EE00,EV - iDSR,DSR,Available on market,0
ERAA 2025 pre-CfE,2030,EE00,HP - iDSR,DSR,Available on market,0
ERAA 2025 pre-CfE,2030,ES00,EV - iDSR,DSR,Available on market,0
ERAA 2025 pre-CfE,2030,ES00,HP - iDSR,DSR,Available on market,0
ERAA 2025 pre-CfE,2030,ES00,DSR,DSR,Out of market - primary purpose ancillary service,1148
ERAA 2025 pre-CfE,2030,FI00,DSR,DSR,Available on market,1679
ERAA 2025 pre-CfE,2030,FI00,EV - iDSR,DSR,Available on market,2825
ERAA 2025 pre-CfE,2030,FI00,HP - iDSR,DSR,Available on market,414
ERAA 2025 pre-CfE,2030,FR00,DSR,DSR,Available on market,5675
ERAA 2025 pre-CfE,2030,FR00,EV - iDSR,DSR,Available on market,103
ERAA 2025 pre-CfE,2030,FR00,HP - iDSR,DSR,Available on market,0
ERAA 2025 pre-CfE,2030,GR00,DSR,DSR,Available on market,220
ERAA 2025 pre-CfE,2030,GR00,EV - iDSR,DSR,Available on market,0
ERAA 2025 pre-CfE,2030,GR00,HP - iDSR,DSR,Available on market,0
ERAA 2025 pre-CfE,2030,GR03,EV - iDSR,DSR,Available on market,0
ERAA 2025 pre-CfE,2030,GR03,HP - iDSR,DSR,Available on market,0
ERAA 2025 pre-CfE,2030,HR00,DSR,DSR,Available on market,87
ERAA 2025 pre-CfE,2030,HR00,EV - iDSR,DSR,Available on market,0
ERAA 2025 pre-CfE,2030,HR00,HP - iDSR,DSR,Available on market,0
ERAA 2025 pre-CfE,2030,HU00,EV - iDSR,DSR,Available on market,0
ERAA 2025 pre-CfE,2030,HU00,HP - iDSR,DSR,Available on market,0
ERAA 2025 pre-CfE,2030,IE00,DSR,DSR,Available on market,860
ERAA 2025 pre-CfE,2030,IE00,EV - iDSR,DSR,Available on market,0
ERAA 2025 pre-CfE,2030,IE00,HP - iDSR,DSR,Available on market,0
ERAA 2025 pre-CfE,2030,ITCA,DSR,DSR,Available on market,37
ERAA 2025 pre-CfE,2030,ITCA,EV - iDSR,DSR,Available on market,0
ERAA 2025 pre-CfE,2030,ITCA,HP - iDSR,DSR,Available on market,0
ERAA 2025 pre-CfE,2030,ITCN,DSR,DSR,Available on market,189
ERAA 2025 pre-CfE,2030,ITCN,EV - iDSR,DSR,Available on market,0
ERAA 2025 pre-CfE,2030,ITCN,HP - iDSR,DSR,Available on market,0
ERAA 2025 pre-CfE,2030,ITCS,DSR,DSR,Available on market,192
ERAA 2025 pre-CfE,2030,ITCS,EV - iDSR,DSR,Available on market,0
ERAA 2025 pre-CfE,2030,ITCS,HP - iDSR,DSR,Available on market,0
ERAA 2025 pre-CfE,2030,ITN1,DSR,DSR,Available on market,1429
ERAA 2025 pre-CfE,2030,ITN1,EV - iDSR,DSR,Available on market,0
ERAA 2025 pre-CfE,2030,ITN1,HP - iDSR,DSR,Available on market,0
ERAA 2025 pre-CfE,2030,ITS1,DSR,DSR,Available on market,100
ERAA 2025 pre-CfE,2030,ITS1,EV - iDSR,DSR,Available on market,0
ERAA 2025 pre-CfE,2030,ITS1,HP - iDSR,DSR,Available on market,0
ERAA 2025 pre-CfE,2030,ITSA,DSR,DSR,Available on market,10
ERAA 2025 pre-CfE,2030,ITSA,EV - iDSR,DSR,Available on market,0
ERAA 2025 pre-CfE,2030,ITSA,HP - iDSR,DSR,Available on market,0
ERAA 2025 pre-CfE,2030,ITSI,DSR,DSR,Available on market,44
ERAA 2025 pre-CfE,2030,ITSI,EV - iDSR,DSR,Available on market,0
ERAA 2025 pre-CfE,2030,ITSI,HP - iDSR,DSR,Available on market,0
ERAA 2025 pre-CfE,2030,LT00,DSR,DSR,Available on market,40
ERAA 2025 pre-CfE,2030,LT00,EV - iDSR,DSR,Available on market,0
ERAA 2025 pre-CfE,2030,LT00,HP - iDSR,DSR,Available on market,0
ERAA 2025 pre-CfE,2030,LUG1,EV - iDSR,DSR,Available on market,0
ERAA 2025 pre-CfE,2030,LUG1,HP - iDSR,DSR,Available on market,0
ERAA 2025 pre-CfE,2030,LV00,DSR,DSR,Available on market,150
ERAA 2025 pre-CfE,2030,LV00,EV - iDSR,DSR,Available on market,0
ERAA 2025 pre-CfE,2030,LV00,HP - iDSR,DSR,Available on market,0
ERAA 2025 pre-CfE,2030,MD00,EV - iDSR,DSR,Available on market,39
ERAA 2025 pre-CfE,2030,MD00,HP - iDSR,DSR,Available on market,0
ERAA 2025 pre-CfE,2030,ME00,EV - iDSR,DSR,Available on market,0
ERAA 2025 pre-CfE,2030,ME00,HP - iDSR,DSR,Available on market,0
ERAA 2025 pre-CfE,2030,MK00,EV - iDSR,DSR,Available on market,0
ERAA 2025 pre-CfE,2030,MK00,HP - iDSR,DSR,Available on market,0
ERAA 2025 pre-CfE,2030,MT00,EV - iDSR,DSR,Available on market,0
ERAA 2025 pre-CfE,2030,MT00,HP - iDSR,DSR,Available on market,0
ERAA 2025 pre-CfE,2030,NL00,DSR,DSR,Available on market,1105
ERAA 2025 pre-CfE,2030,NL00,EV - iDSR,DSR,Available on market,0
ERAA 2025 pre-CfE,2030,NL00,HP - iDSR,DSR,Available on market,0
ERAA 2025 pre-CfE,2030,NOM1,EV - iDSR,DSR,Available on market,0
ERAA 2025 pre-CfE,2030,NOM1,HP - iDSR,DSR,Available on market,0
ERAA 2025 pre-CfE,2030,NON1,EV - iDSR,DSR,Available on market,0
ERAA 2025 pre-CfE,2030,NON1,HP - iDSR,DSR,Available on market,0
ERAA 2025 pre-CfE,2030,NOS1,EV - iDSR,DSR,Available on market,0
ERAA 2025 pre-CfE,2030,NOS1,HP - iDSR,DSR,Available on market,0
ERAA 2025 pre-CfE,2030,NOS2,EV - iDSR,DSR,Available on market,0
ERAA 2025 pre-CfE,2030,NOS2,HP - iDSR,DSR,Available on market,0
ERAA 2025 pre-CfE,2030,NOS3,EV - iDSR,DSR,Available on market,0
ERAA 2025 pre-CfE,2030,NOS3,HP - iDSR,DSR,Available on market,0
ERAA 2025 pre-CfE,2030,PL00,EV - iDSR,DSR,Available on market,0
ERAA 2025 pre-CfE,2030,PL00,HP - iDSR,DSR,Available on market,0
ERAA 2025 pre-CfE,2030,PT00,EV - iDSR,DSR,Available on market,0
ERAA 2025 pre-CfE,2030,PT00,HP - iDSR,DSR,Available on market,0
ERAA 2025 pre-CfE,2030,RO00,EV - iDSR,DSR,Available on market,0
ERAA 2025 pre-CfE,2030,RO00,HP - iDSR,DSR,Available on market,0
ERAA 2025 pre-CfE,2030,RS00,EV - iDSR,DSR,Available on market,0
ERAA 2025 pre-CfE,2030,RS00,HP - iDSR,DSR,Available on market,0
ERAA 2025 pre-CfE,2030,SE01,DSR,DSR,Available on market,194
ERAA 2025 pre-CfE,2030,SE01,EV - iDSR,DSR,Available on market,0
ERAA 2025 pre-CfE,2030,SE01,HP - iDSR,DSR,Available on market,0
ERAA 2025 pre-CfE,2030,SE02,DSR,DSR,Available on market,274
ERAA 2025 pre-CfE,2030,SE02,EV - iDSR,DSR,Available on market,0
ERAA 2025 pre-CfE,2030,SE02,HP - iDSR,DSR,Available on market,0
ERAA 2025 pre-CfE,2030,SE03,DSR,DSR,Available on market,1423
ERAA 2025 pre-CfE,2030,SE03,EV - iDSR,DSR,Available on market,0
ERAA 2025 pre-CfE,2030,SE03,HP - iDSR,DSR,Available on market,0
ERAA 2025 pre-CfE,2030,SE04,DSR,DSR,Available on market,396
ERAA 2025 pre-CfE,2030,SE04,EV - iDSR,DSR,Available on market,0
ERAA 2025 pre-CfE,2030,SE04,HP - iDSR,DSR,Available on market,0
ERAA 2025 pre-CfE,2030,SI00,DSR,DSR,Available on market,30
ERAA 2025 pre-CfE,2030,SI00,EV - iDSR,DSR,Available on market,0
ERAA 2025 pre-CfE,2030,SI00,HP - iDSR,DSR,Available on market,0
ERAA 2025 pre-CfE,2030,SK00,EV - iDSR,DSR,Available on market,0
ERAA 2025 pre-CfE,2030,SK00,HP - iDSR,DSR,Available on market,0
ERAA 2025 pre-CfE,2030,UK00,DSR,DSR,Available on market,6726
ERAA 2025 pre-CfE,2030,UKNI,DSR,DSR,Available on market,170
ERAA 2025 pre-CfE,2030,UKNI,EV - iDSR,DSR,Available on market,0
ERAA 2025 pre-CfE,2030,UKNI,HP - iDSR,DSR,Available on market,0
ERAA 2025 pre-CfE,2030,AL00,Reservoir,Hydro,Available on market,2032
ERAA 2025 pre-CfE,2030,AL00,Run of river,Hydro,Available on market,535
ERAA 2025 pre-CfE,2030,AT00,Closed loop pumping,Hydro,Available on market,300
ERAA 2025 pre-CfE,2030,AT00,Open loop pumping,Hydro,Available on market,5772
ERAA 2025 pre-CfE,2030,AT00,Pondage,Hydro,Available on market,1150
ERAA 2025 pre-CfE,2030,AT00,Reservoir,Hydro,Available on market,2559
ERAA 2025 pre-CfE,2030,AT00,Run of river,Hydro,Available on market,5218
ERAA 2025 pre-CfE,2030,BA00,Pondage,Hydro,Available on market,35
ERAA 2025 pre-CfE,2030,BA00,Reservoir,Hydro,Available on market,160
ERAA 2025 pre-CfE,2030,BA00,Run of river,Hydro,Available on market,32
ERAA 2025 pre-CfE,2030,BA00,Open loop pumping,Hydro,Out of market - primary purpose ancillary service,440
ERAA 2025 pre-CfE,2030,BA00,Pondage,Hydro,Out of market - primary purpose ancillary service,193
ERAA 2025 pre-CfE,2030,BA00,Reservoir,Hydro,Out of market - primary purpose ancillary service,1456
ERAA 2025 pre-CfE,2030,BE00,Closed loop pumping,Hydro,Available on market,1305
ERAA 2025 pre-CfE,2030,BE00,Run of river,Hydro,Available on market,148
ERAA 2025 pre-CfE,2030,BG00,Closed loop pumping,Hydro,Available on market,864
ERAA 2025 pre-CfE,2030,BG00,Open loop pumping,Hydro,Available on market,535
ERAA 2025 pre-CfE,2030,BG00,Reservoir,Hydro,Available on market,1281
ERAA 2025 pre-CfE,2030,BG00,Run of river,Hydro,Available on market,536
ERAA 2025 pre-CfE,2030,CH00,Closed loop pumping,Hydro,Available on market,1900
ERAA 2025 pre-CfE,2030,CH00,Open loop pumping,Hydro,Available on market,2460
ERAA 2025 pre-CfE,2030,CH00,Reservoir,Hydro,Available on market,8530
ERAA 2025 pre-CfE,2030,CH00,Run of river,Hydro,Available on market,4215
ERAA 2025 pre-CfE,2030,CZ00,Closed loop pumping,Hydro,Available on market,678
ERAA 2025 pre-CfE,2030,CZ00,Open loop pumping,Hydro,Available on market,562
ERAA 2025 pre-CfE,2030,CZ00,Reservoir,Hydro,Available on market,519
ERAA 2025 pre-CfE,2030,CZ00,Run of river,Hydro,Available on market,415
ERAA 2025 pre-CfE,2030,DE00,Closed loop pumping,Hydro,Available on market,6741
ERAA 2025 pre-CfE,2030,DE00,Open loop pumping,Hydro,Available on market,2232
ERAA 2025 pre-CfE,2030,DE00,Reservoir,Hydro,Available on market,1008
ERAA 2025 pre-CfE,2030,DE00,Run of river,Hydro,Available on market,3934
ERAA 2025 pre-CfE,2030,ES00,Closed loop pumping,Hydro,Available on market,6461
ERAA 2025 pre-CfE,2030,ES00,Open loop pumping,Hydro,Available on market,3157
ERAA 2025 pre-CfE,2030,ES00,Reservoir,Hydro,Available on market,11536
ERAA 2025 pre-CfE,2030,ES00,Run of river,Hydro,Available on market,3118
ERAA 2025 pre-CfE,2030,FI00,Reservoir,Hydro,Available on market,3237
ERAA 2025 pre-CfE,2030,FR00,Closed loop pumping,Hydro,Available on market,1950
ERAA 2025 pre-CfE,2030,FR00,Open loop pumping,Hydro,Available on market,1850
ERAA 2025 pre-CfE,2030,FR00,Reservoir,Hydro,Available on market,9849
ERAA 2025 pre-CfE,2030,FR00,Run of river,Hydro,Available on market,13600
ERAA 2025 pre-CfE,2030,GR00,Closed loop pumping,Hydro,Available on market,680
ERAA 2025 pre-CfE,2030,GR00,Open loop pumping,Hydro,Available on market,699
ERAA 2025 pre-CfE,2030,GR00,Pondage,Hydro,Available on market,22
ERAA 2025 pre-CfE,2030,GR00,Reservoir,Hydro,Available on market,2757
ERAA 2025 pre-CfE,2030,GR00,Run of river,Hydro,Available on market,326
ERAA 2025 pre-CfE,2030,HR00,Open loop pumping,Hydro,Available on market,282
ERAA 2025 pre-CfE,2030,HR00,Pondage,Hydro,Available on market,313
ERAA 2025 pre-CfE,2030,HR00,Reservoir,Hydro,Available on market,1423
ERAA 2025 pre-CfE,2030,HR00,Run of river,Hydro,Available on market,65
ERAA 2025 pre-CfE,2030,HU00,Run of river,Hydro,Available on market,63
ERAA 2025 pre-CfE,2030,IE00,Closed loop pumping,Hydro,Available on market,292
ERAA 2025 pre-CfE,2030,IE00,Run of river,Hydro,Available on market,215
ERAA 2025 pre-CfE,2030,ITCA,Reservoir,Hydro,Available on market,699
ERAA 2025 pre-CfE,2030,ITCA,Run of river,Hydro,Available on market,118
ERAA 2025 pre-CfE,2030,ITCN,Reservoir,Hydro,Available on market,374
ERAA 2025 pre-CfE,2030,ITCN,Run of river,Hydro,Available on market,308
ERAA 2025 pre-CfE,2030,ITCS,Closed loop pumping,Hydro,Available on market,985
ERAA 2025 pre-CfE,2030,ITCS,Open loop pumping,Hydro,Available on market,742
ERAA 2025 pre-CfE,2030,ITCS,Reservoir,Hydro,Available on market,961
ERAA 2025 pre-CfE,2030,ITCS,Run of river,Hydro,Available on market,680
ERAA 2025 pre-CfE,2030,ITN1,Closed loop pumping,Hydro,Available on market,2380
ERAA 2025 pre-CfE,2030,ITN1,Open loop pumping,Hydro,Available on market,2755
ERAA 2025 pre-CfE,2030,ITN1,Reservoir,Hydro,Available on market,6075
ERAA 2025 pre-CfE,2030,ITN1,Run of river,Hydro,Available on market,5663
ERAA 2025 pre-CfE,2030,ITS1,Reservoir,Hydro,Available on market,177
ERAA 2025 pre-CfE,2030,ITS1,Run of river,Hydro,Available on market,53
ERAA 2025 pre-CfE,2030,ITSA,Closed loop pumping,Hydro,Available on market,240
ERAA 2025 pre-CfE,2030,ITSA,Reservoir,Hydro,Available on market,142
ERAA 2025 pre-CfE,2030,ITSA,Run of river,Hydro,Available on market,77
ERAA 2025 pre-CfE,2030,ITSI,Closed loop pumping,Hydro,Available on market,500
ERAA 2025 pre-CfE,2030,ITSI,Open loop pumping,Hydro,Available on market,80
ERAA 2025 pre-CfE,2030,ITSI,Run of river,Hydro,Available on market,129
ERAA 2025 pre-CfE,2030,LT00,Closed loop pumping,Hydro,Available on market,938
ERAA 2025 pre-CfE,2030,LT00,Run of river,Hydro,Available on market,127
ERAA 2025 pre-CfE,2030,LUG1,Run of river,Hydro,Available on market,27
ERAA 2025 pre-CfE,2030,LUV1,Closed loop pumping,Hydro,Available on market,1300
ERAA 2025 pre-CfE,2030,LV00,Pondage,Hydro,Available on market,1592
ERAA 2025 pre-CfE,2030,MD00,Run of river,Hydro,Available on market,17
ERAA 2025 pre-CfE,2030,MD00,Run of river,Hydro,Inelastic supply / fixed profile,48
ERAA 2025 pre-CfE,2030,ME00,Reservoir,Hydro,Available on market,706
ERAA 2025 pre-CfE,2030,ME00,Run of river,Hydro,Available on market,581
ERAA 2025 pre-CfE,2030,MK00,Reservoir,Hydro,Available on market,539
ERAA 2025 pre-CfE,2030,MK00,Run of river,Hydro,Available on market,231
ERAA 2025 pre-CfE,2030,NL00,Run of river,Hydro,Inelastic supply / fixed profile,37
ERAA 2025 pre-CfE,2030,NOM1,Open loop pumping,Hydro,Available on market,66
ERAA 2025 pre-CfE,2030,NOM1,Reservoir,Hydro,Available on market,3370
ERAA 2025 pre-CfE,2030,NOM1,Run of river,Hydro,Available on market,1063
ERAA 2025 pre-CfE,2030,NON1,Open loop pumping,Hydro,Available on market,4
ERAA 2025 pre-CfE,2030,NON1,Reservoir,Hydro,Available on market,4902
ERAA 2025 pre-CfE,2030,NON1,Run of river,Hydro,Available on market,707
ERAA 2025 pre-CfE,2030,NOS1,Open loop pumping,Hydro,Available on market,3
ERAA 2025 pre-CfE,2030,NOS1,Reservoir,Hydro,Available on market,5515
ERAA 2025 pre-CfE,2030,NOS1,Run of river,Hydro,Available on market,3134
ERAA 2025 pre-CfE,2030,NOS2,Open loop pumping,Hydro,Available on market,249
ERAA 2025 pre-CfE,2030,NOS2,Reservoir,Hydro,Available on market,8232
ERAA 2025 pre-CfE,2030,NOS2,Run of river,Hydro,Available on market,1558
ERAA 2025 pre-CfE,2030,NOS3,Open loop pumping,Hydro,Available on market,419
ERAA 2025 pre-CfE,2030,NOS3,Reservoir,Hydro,Available on market,5629
ERAA 2025 pre-CfE,2030,NOS3,Run of river,Hydro,Available on market,701
ERAA 2025 pre-CfE,2030,PL00,Closed loop pumping,Hydro,Available on market,1279
ERAA 2025 pre-CfE,2030,PL00,Open loop pumping,Hydro,Available on market,118
ERAA 2025 pre-CfE,2030,PL00,Reservoir,Hydro,Available on market,425
ERAA 2025 pre-CfE,2030,PL00,Run of river,Hydro,Inelastic supply / fixed profile,524
ERAA 2025 pre-CfE,2030,PT00,Marine,Hydro,Available on market,181
ERAA 2025 pre-CfE,2030,PT00,Open loop pumping,Hydro,Available on market,4469
ERAA 2025 pre-CfE,2030,PT00,Pondage,Hydro,Available on market,280
ERAA 2025 pre-CfE,2030,PT00,Reservoir,Hydro,Available on market,3136
ERAA 2025 pre-CfE,2030,PT00,Run of river,Hydro,Available on market,508
ERAA 2025 pre-CfE,2030,RO00,Pondage,Hydro,Available on market,390
ERAA 2025 pre-CfE,2030,RO00,Reservoir,Hydro,Available on market,2312
ERAA 2025 pre-CfE,2030,RO00,Run of river,Hydro,Available on market,3456
ERAA 2025 pre-CfE,2030,RO00,Run of river,Hydro,Mothballed,16
ERAA 2025 pre-CfE,2030,RS00,Closed loop pumping,Hydro,Available on market,614
ERAA 2025 pre-CfE,2030,RS00,Reservoir,Hydro,Available on market,435
ERAA 2025 pre-CfE,2030,RS00,Run of river,Hydro,Available on market,2024
ERAA 2025 pre-CfE,2030,SE01,Reservoir,Hydro,Available on market,5444
ERAA 2025 pre-CfE,2030,SE02,Reservoir,Hydro,Available on market,7650
ERAA 2025 pre-CfE,2030,SE03,Reservoir,Hydro,Available on market,2286
ERAA 2025 pre-CfE,2030,SE04,Reservoir,Hydro,Available on market,237
ERAA 2025 pre-CfE,2030,SI00,Pondage,Hydro,Available on market,1007
ERAA 2025 pre-CfE,2030,SI00,Reservoir,Hydro,Available on market,21
ERAA 2025 pre-CfE,2030,SI00,Run of river,Hydro,Inelastic supply / fixed profile,137
ERAA 2025 pre-CfE,2030,SK00,Closed loop pumping,Hydro,Available on market,744
ERAA 2025 pre-CfE,2030,SK00,Open loop pumping,Hydro,Available on market,276
ERAA 2025 pre-CfE,2030,SK00,Pondage,Hydro,Available on market,203
ERAA 2025 pre-CfE,2030,SK00,Reservoir,Hydro,Available on market,21
ERAA 2025 pre-CfE,2030,SK00,Run of river,Hydro,Available on market,1423
ERAA 2025 pre-CfE,2030,UK00,Closed loop pumping,Hydro,Available on market,3566
ERAA 2025 pre-CfE,2030,UK00,Marine,Hydro,Available on market,337
ERAA 2025 pre-CfE,2030,UK00,Run of river,Hydro,Available on market,1951
ERAA 2025 pre-CfE,2030,UKNI,Run of river,Hydro,Available on market,6
ERAA 2025 pre-CfE,2030,AT00,Small biomass,Others RES,Available on market,659
ERAA 2025 pre-CfE,2030,AT00,Waste,Others RES,Available on market,108
ERAA 2025 pre-CfE,2030,BE00,Small biomass,Others RES,Available on market,567
ERAA 2025 pre-CfE,2030,BE00,Waste,Others RES,Available on market,30
ERAA 2025 pre-CfE,2030,BG00,Small biomass,Others RES,Available on market,123
ERAA 2025 pre-CfE,2030,CH00,Geothermal,Others RES,Available on market,7
ERAA 2025 pre-CfE,2030,CH00,Small biomass,Others RES,Available on market,69
ERAA 2025 pre-CfE,2030,CH00,Waste,Others RES,Available on market,228
ERAA 2025 pre-CfE,2030,CY00,Waste,Others RES,Available on market,27
ERAA 2025 pre-CfE,2030,CZ00,Small biomass,Others RES,Available on market,1018
ERAA 2025 pre-CfE,2030,CZ00,Waste,Others RES,Available on market,280
ERAA 2025 pre-CfE,2030,DE00,Small biomass,Others RES,Inelastic supply / fixed profile,10900
ERAA 2025 pre-CfE,2030,DE00,Waste,Others RES,Inelastic supply / fixed profile,1938
ERAA 2025 pre-CfE,2030,EE00,Small biomass,Others RES,Available on market,152
ERAA 2025 pre-CfE,2030,EE00,Waste,Others RES,Available on market,17
ERAA 2025 pre-CfE,2030,ES00,Small biomass,Others RES,Available on market,1963
ERAA 2025 pre-CfE,2030,FI00,Small biomass,Others RES,Available on market,1683
ERAA 2025 pre-CfE,2030,FI00,Waste,Others RES,Available on market,153
ERAA 2025 pre-CfE,2030,FR00,Small biomass,Others RES,Available on market,1374
ERAA 2025 pre-CfE,2030,FR00,Waste,Others RES,Available on market,449
ERAA 2025 pre-CfE,2030,GR00,Small biomass,Others RES,Available on market,76
ERAA 2025 pre-CfE,2030,GR03,Small biomass,Others RES,Available on market,3
ERAA 2025 pre-CfE,2030,HR00,Geothermal,Others RES,Available on market,20
ERAA 2025 pre-CfE,2030,HR00,Small biomass,Others RES,Available on market,99
ERAA 2025 pre-CfE,2030,HU00,Geothermal,Others RES,Available on market,53
ERAA 2025 pre-CfE,2030,HU00,Small biomass,Others RES,Available on market,157
ERAA 2025 pre-CfE,2030,HU00,Waste,Others RES,Available on market,37
ERAA 2025 pre-CfE,2030,IE00,Small biomass,Others RES,Available on market,31
ERAA 2025 pre-CfE,2030,IE00,Waste,Others RES,Available on market,78
ERAA 2025 pre-CfE,2030,ITCA,Small biomass,Others RES,Available on market,172
ERAA 2025 pre-CfE,2030,ITCA,Waste,Others RES,Available on market,21
ERAA 2025 pre-CfE,2030,ITCN,Geothermal,Others RES,Available on market,1000
ERAA 2025 pre-CfE,2030,ITCN,Small biomass,Others RES,Available on market,135
ERAA 2025 pre-CfE,2030,ITCN,Waste,Others RES,Available on market,32
ERAA 2025 pre-CfE,2030,ITCS,Small biomass,Others RES,Available on market,278
ERAA 2025 pre-CfE,2030,ITCS,Waste,Others RES,Available on market,180
ERAA 2025 pre-CfE,2030,ITN1,Small biomass,Others RES,Available on market,1219
ERAA 2025 pre-CfE,2030,ITN1,Waste,Others RES,Available on market,512
ERAA 2025 pre-CfE,2030,ITS1,Small biomass,Others RES,Available on market,377
ERAA 2025 pre-CfE,2030,ITS1,Waste,Others RES,Available on market,50
ERAA 2025 pre-CfE,2030,ITSA,Small biomass,Others RES,Available on market,94
ERAA 2025 pre-CfE,2030,ITSA,Waste,Others RES,Available on market,24
ERAA 2025 pre-CfE,2030,ITSI,Small biomass,Others RES,Available on market,94
ERAA 2025 pre-CfE,2030,ITSI,Waste,Others RES,Available on market,8
ERAA 2025 pre-CfE,2030,LT00,Small biomass,Others RES,Available on market,150
ERAA 2025 pre-CfE,2030,LT00,Waste,Others RES,Available on market,60
ERAA 2025 pre-CfE,2030,LUG1,Small biomass,Others RES,Available on market,105
ERAA 2025 pre-CfE,2030,LV00,Small biomass,Others RES,Available on market,166
ERAA 2025 pre-CfE,2030,MD00,Small biomass,Others RES,Available on market,3
ERAA 2025 pre-CfE,2030,MK00,Small biomass,Others RES,Available on market,31
ERAA 2025 pre-CfE,2030,NL00,Small biomass,Others RES,Available on market,200
ERAA 2025 pre-CfE,2030,NL00,Small biomass,Others RES,Inelastic supply / fixed profile,419
ERAA 2025 pre-CfE,2030,NL00,Waste,Others RES,Inelastic supply / fixed profile,679
ERAA 2025 pre-CfE,2030,NOM1,Small biomass,Others RES,Available on market,54
ERAA 2025 pre-CfE,2030,NOM1,Waste,Others RES,Available on market,6
ERAA 2025 pre-CfE,2030,NON1,Small biomass,Others RES,Available on market,76
ERAA 2025 pre-CfE,2030,NOS1,Small biomass,Others RES,Available on market,2
ERAA 2025 pre-CfE,2030,NOS1,Waste,Others RES,Available on market,26
ERAA 2025 pre-CfE,2030,NOS2,Waste,Others RES,Available on market,22
ERAA 2025 pre-CfE,2030,NOS3,Small biomass,Others RES,Available on market,11
ERAA 2025 pre-CfE,2030,NOS3,Waste,Others RES,Available on market,11
ERAA 2025 pre-CfE,2030,PL00,Small biomass,Others RES,Inelastic supply / fixed profile,1492
ERAA 2025 pre-CfE,2030,PL00,Waste,Others RES,Inelastic supply / fixed profile,128
ERAA 2025 pre-CfE,2030,PT00,Small biomass,Others RES,Available on market,1193
ERAA 2025 pre-CfE,2030,PT00,Waste,Others RES,Available on market,92
ERAA 2025 pre-CfE,2030,RO00,Small biomass,Others RES,Available on market,150
ERAA 2025 pre-CfE,2030,RS00,Waste,Others RES,Available on market,30
ERAA 2025 pre-CfE,2030,SE01,Small biomass,Others RES,Available on market,179
ERAA 2025 pre-CfE,2030,SE01,Waste,Others RES,Available on market,15
ERAA 2025 pre-CfE,2030,SE02,Small biomass,Others RES,Available on market,746
ERAA 2025 pre-CfE,2030,SE02,Waste,Others RES,Available on market,19
ERAA 2025 pre-CfE,2030,SE03,Small biomass,Others RES,Available on market,2102
ERAA 2025 pre-CfE,2030,SE03,Waste,Others RES,Available on market,343
ERAA 2025 pre-CfE,2030,SE04,Small biomass,Others RES,Available on market,661
ERAA 2025 pre-CfE,2030,SE04,Waste,Others RES,Available on market,73
ERAA 2025 pre-CfE,2030,SI00,Small biomass,Others RES,Inelastic supply / fixed profile,65
ERAA 2025 pre-CfE,2030,SK00,Geothermal,Others RES,Inelastic supply / fixed profile,12
ERAA 2025 pre-CfE,2030,SK00,Small biomass,Others RES,Inelastic supply / fixed profile,105
ERAA 2025 pre-CfE,2030,SK00,Waste,Others RES,Inelastic supply / fixed profile,173
ERAA 2025 pre-CfE,2030,UK00,Small biomass,Others RES,Available on market,4186
ERAA 2025 pre-CfE,2030,UK00,Waste,Others RES,Available on market,3537
ERAA 2025 pre-CfE,2030,AL00,Solar PV utility non-tracking,Solar,Available on market,5
ERAA 2025 pre-CfE,2030,AL00,Solar PV utility tracking,Solar,Available on market,995
ERAA 2025 pre-CfE,2030,AT00,Solar PV utility non-tracking,Solar,Available on market,13000
ERAA 2025 pre-CfE,2030,AT00,Solar PV rooftop residential,Solar,Out of market – for PV/battery dispatch optimization,8000
ERAA 2025 pre-CfE,2030,BA00,Solar PV utility non-tracking,Solar,Available on market,1945
ERAA 2025 pre-CfE,2030,BE00,Solar PV rooftop residential,Solar,Available on market,15635
ERAA 2025 pre-CfE,2030,BG00,Solar PV utility non-tracking,Solar,Available on market,6351
ERAA 2025 pre-CfE,2030,CH00,Solar PV utility non-tracking,Solar,Available on market,380
ERAA 2025 pre-CfE,2030,CH00,Solar PV rooftop industrial,Solar,Out of market – for PV/battery dispatch optimization,10077
ERAA 2025 pre-CfE,2030,CH00,Solar PV rooftop residential,Solar,Out of market – for PV/battery dispatch optimization,6718
ERAA 2025 pre-CfE,2030,CY00,Solar PV rooftop industrial,Solar,Available on market,68
ERAA 2025 pre-CfE,2030,CY00,Solar PV rooftop residential,Solar,Available on market,387
ERAA 2025 pre-CfE,2030,CY00,Solar PV utility non-tracking,Solar,Available on market,594
ERAA 2025 pre-CfE,2030,CY00,Solar PV utility tracking,Solar,Available on market,31
ERAA 2025 pre-CfE,2030,CZ00,Solar PV rooftop residential,Solar,Available on market,2541
ERAA 2025 pre-CfE,2030,CZ00,Solar PV utility non-tracking,Solar,Available on market,7458
ERAA 2025 pre-CfE,2030,DE00,Solar PV rooftop industrial,Solar,Available on market,39886
ERAA 2025 pre-CfE,2030,DE00,Solar PV rooftop residential,Solar,Available on market,88777
ERAA 2025 pre-CfE,2030,DE00,Solar PV utility non-tracking,Solar,Available on market,86337
ERAA 2025 pre-CfE,2030,DKE1,Solar PV rooftop industrial,Solar,Available on market,709
ERAA 2025 pre-CfE,2030,DKE1,Solar PV rooftop residential,Solar,Available on market,641
ERAA 2025 pre-CfE,2030,DKE1,Solar PV utility non-tracking,Solar,Available on market,3413
ERAA 2025 pre-CfE,2030,DKE1,Solar PV utility tracking,Solar,Available on market,962
ERAA 2025 pre-CfE,2030,DKW1,Solar PV rooftop industrial,Solar,Available on market,1069
ERAA 2025 pre-CfE,2030,DKW1,Solar PV rooftop residential,Solar,Available on market,1154
ERAA 2025 pre-CfE,2030,DKW1,Solar PV utility non-tracking,Solar,Available on market,10142
ERAA 2025 pre-CfE,2030,DKW1,Solar PV utility tracking,Solar,Available on market,2788
ERAA 2025 pre-CfE,2030,EE00,Solar PV utility non-tracking,Solar,Available on market,1570
ERAA 2025 pre-CfE,2030,ES00,Solar PV rooftop residential,Solar,Available on market,17666
ERAA 2025 pre-CfE,2030,ES00,Solar PV utility non-tracking,Solar,Available on market,39683
ERAA 2025 pre-CfE,2030,ES00,Solar PV utility tracking,Solar,Available on market,14781
ERAA 2025 pre-CfE,2030,ES00,Solar thermal with storage,Solar,Available on market,3534
ERAA 2025 pre-CfE,2030,ES00,Solar thermal without storage,Solar,Available on market,1271
ERAA 2025 pre-CfE,2030,FI00,Solar PV rooftop residential,Solar,Available on market,2718
ERAA 2025 pre-CfE,2030,FI00,Solar PV utility non-tracking,Solar,Available on market,6731
ERAA 2025 pre-CfE,2030,FR00,Solar PV rooftop industrial,Solar,Available on market,12772
ERAA 2025 pre-CfE,2030,FR00,Solar PV rooftop residential,Solar,Available on market,7828
ERAA 2025 pre-CfE,2030,FR00,Solar PV utility non-tracking,Solar,Available on market,20600
ERAA 2025 pre-CfE,2030,GR00,Solar PV rooftop industrial,Solar,Available on market,154
ERAA 2025 pre-CfE,2030,GR00,Solar PV rooftop residential,Solar,Available on market,712
ERAA 2025 pre-CfE,2030,GR00,Solar PV utility non-tracking,Solar,Available on market,12203
ERAA 2025 pre-CfE,2030,GR03,Solar PV rooftop industrial,Solar,Available on market,31
ERAA 2025 pre-CfE,2030,GR03,Solar PV rooftop residential,Solar,Available on market,113
ERAA 2025 pre-CfE,2030,GR03,Solar PV utility non-tracking,Solar,Available on market,280
ERAA 2025 pre-CfE,2030,HR00,Solar PV rooftop industrial,Solar,Available on market,98
ERAA 2025 pre-CfE,2030,HR00,Solar PV rooftop residential,Solar,Available on market,724
ERAA 2025 pre-CfE,2030,HR00,Solar PV utility tracking,Solar,Available on market,892
ERAA 2025 pre-CfE,2030,HU00,Solar PV rooftop industrial,Solar,Available on market,1610
ERAA 2025 pre-CfE,2030,HU00,Solar PV rooftop residential,Solar,Available on market,3233
ERAA 2025 pre-CfE,2030,HU00,Solar PV utility non-tracking,Solar,Available on market,7499
ERAA 2025 pre-CfE,2030,HU00,Solar PV utility tracking,Solar,Available on market,833
ERAA 2025 pre-CfE,2030,HU00,Solar PV rooftop residential,Solar,Out of market – for PV/battery dispatch optimization,119
ERAA 2025 pre-CfE,2030,IE00,Solar PV rooftop residential,Solar,Available on market,2707
ERAA 2025 pre-CfE,2030,IE00,Solar PV utility non-tracking,Solar,Available on market,3572
ERAA 2025 pre-CfE,2030,ITCA,Solar PV rooftop industrial,Solar,Available on market,808
ERAA 2025 pre-CfE,2030,ITCA,Solar PV utility non-tracking,Solar,Available on market,543
ERAA 2025 pre-CfE,2030,ITCA,Solar PV utility tracking,Solar,Available on market,1050
ERAA 2025 pre-CfE,2030,ITCN,Solar PV rooftop industrial,Solar,Available on market,2836
ERAA 2025 pre-CfE,2030,ITCN,Solar PV utility non-tracking,Solar,Available on market,2841
ERAA 2025 pre-CfE,2030,ITCN,Solar PV utility tracking,Solar,Available on market,2673
ERAA 2025 pre-CfE,2030,ITCS,Solar PV rooftop industrial,Solar,Available on market,3722
ERAA 2025 pre-CfE,2030,ITCS,Solar PV utility non-tracking,Solar,Available on market,3206
ERAA 2025 pre-CfE,2030,ITCS,Solar PV utility tracking,Solar,Available on market,6016
ERAA 2025 pre-CfE,2030,ITN1,Solar PV rooftop industrial,Solar,Available on market,21377
ERAA 2025 pre-CfE,2030,ITN1,Solar PV utility non-tracking,Solar,Available on market,10347
ERAA 2025 pre-CfE,2030,ITN1,Solar PV utility tracking,Solar,Available on market,2688
ERAA 2025 pre-CfE,2030,ITS1,Solar PV rooftop industrial,Solar,Available on market,1014
ERAA 2025 pre-CfE,2030,ITS1,Solar PV utility non-tracking,Solar,Available on market,2774
ERAA 2025 pre-CfE,2030,ITS1,Solar PV utility tracking,Solar,Available on market,3557
ERAA 2025 pre-CfE,2030,ITS1,Solar thermal without storage,Solar,Available on market,40
ERAA 2025 pre-CfE,2030,ITSA,Solar PV rooftop industrial,Solar,Available on market,1078
ERAA 2025 pre-CfE,2030,ITSA,Solar PV utility non-tracking,Solar,Available on market,1075
ERAA 2025 pre-CfE,2030,ITSA,Solar PV utility tracking,Solar,Available on market,3071
ERAA 2025 pre-CfE,2030,ITSI,Solar PV rooftop industrial,Solar,Available on market,2147
ERAA 2025 pre-CfE,2030,ITSI,Solar PV utility non-tracking,Solar,Available on market,1636
ERAA 2025 pre-CfE,2030,ITSI,Solar PV utility tracking,Solar,Available on market,4801
ERAA 2025 pre-CfE,2030,ITSI,Solar thermal without storage,Solar,Available on market,40
ERAA 2025 pre-CfE,2030,LT00,Solar PV rooftop residential,Solar,Available on market,1600
ERAA 2025 pre-CfE,2030,LT00,Solar PV utility non-tracking,Solar,Available on market,2500
ERAA 2025 pre-CfE,2030,LUG1,Solar PV rooftop residential,Solar,Available on market,599
ERAA 2025 pre-CfE,2030,LUG1,Solar PV utility non-tracking,Solar,Available on market,257
ERAA 2025 pre-CfE,2030,LV00,Solar PV rooftop industrial,Solar,Available on market,730
ERAA 2025 pre-CfE,2030,LV00,Solar PV rooftop residential,Solar,Available on market,560
ERAA 2025 pre-CfE,2030,LV00,Solar thermal without storage,Solar,Available on market,70
ERAA 2025 pre-CfE,2030,MD00,Solar PV rooftop residential,Solar,Available on market,9
ERAA 2025 pre-CfE,2030,MD00,Solar PV utility non-tracking,Solar,Available on market,405
ERAA 2025 pre-CfE,2030,ME00,Solar PV rooftop industrial,Solar,Available on market,750
ERAA 2025 pre-CfE,2030,MK00,Solar PV rooftop residential,Solar,Available on market,1142
ERAA 2025 pre-CfE,2030,MK00,Solar PV utility non-tracking,Solar,Available on market,600
ERAA 2025 pre-CfE,2030,MT00,Solar PV rooftop industrial,Solar,Available on market,183
ERAA 2025 pre-CfE,2030,MT00,Solar PV rooftop residential,Solar,Available on market,153
ERAA 2025 pre-CfE,2030,MT00,Solar PV utility non-tracking,Solar,Available on market,63
ERAA 2025 pre-CfE,2030,NL00,Solar PV rooftop industrial,Solar,Available on market,17404
ERAA 2025 pre-CfE,2030,NL00,Solar PV rooftop residential,Solar,Available on market,22530
ERAA 2025 pre-CfE,2030,NL00,Solar PV utility tracking,Solar,Available on market,13576
ERAA 2025 pre-CfE,2030,NOM1,Solar PV rooftop industrial,Solar,Available on market,1320
ERAA 2025 pre-CfE,2030,NOS1,Solar PV rooftop industrial,Solar,Available on market,1965
ERAA 2025 pre-CfE,2030,NOS2,Solar PV rooftop industrial,Solar,Available on market,1685
ERAA 2025 pre-CfE,2030,NOS3,Solar PV rooftop industrial,Solar,Available on market,596
ERAA 2025 pre-CfE,2030,PL00,Solar PV rooftop residential,Solar,Available on market,15000
ERAA 2025 pre-CfE,2030,PL00,Solar PV utility non-tracking,Solar,Available on market,13976
ERAA 2025 pre-CfE,2030,PT00,Solar PV rooftop industrial,Solar,Available on market,906
ERAA 2025 pre-CfE,2030,PT00,Solar PV utility non-tracking,Solar,Available on market,14179
ERAA 2025 pre-CfE,2030,RO00,Solar PV rooftop residential,Solar,Available on market,4000
ERAA 2025 pre-CfE,2030,RO00,Solar PV utility non-tracking,Solar,Available on market,4200
ERAA 2025 pre-CfE,2030,RS00,Solar PV rooftop residential,Solar,Available on market,1684
ERAA 2025 pre-CfE,2030,RS00,Solar PV utility non-tracking,Solar,Available on market,3169
ERAA 2025 pre-CfE,2030,SE01,Solar PV rooftop residential,Solar,Available on market,152
ERAA 2025 pre-CfE,2030,SE01,Solar PV utility non-tracking,Solar,Available on market,152
ERAA 2025 pre-CfE,2030,SE02,Solar PV rooftop residential,Solar,Available on market,286
ERAA 2025 pre-CfE,2030,SE02,Solar PV utility non-tracking,Solar,Available on market,231
ERAA 2025 pre-CfE,2030,SE03,Solar PV rooftop residential,Solar,Available on market,4159
ERAA 2025 pre-CfE,2030,SE03,Solar PV utility non-tracking,Solar,Available on market,86
ERAA 2025 pre-CfE,2030,SE04,Solar PV rooftop residential,Solar,Available on market,1797
ERAA 2025 pre-CfE,2030,SI00,Solar PV rooftop residential,Solar,Inelastic supply / fixed profile,1675
ERAA 2025 pre-CfE,2030,SI00,Solar PV utility non-tracking,Solar,Inelastic supply / fixed profile,1077
ERAA 2025 pre-CfE,2030,SK00,Solar PV rooftop industrial,Solar,Available on market,644
ERAA 2025 pre-CfE,2030,SK00,Solar PV rooftop residential,Solar,Available on market,728
ERAA 2025 pre-CfE,2030,SK00,Solar PV utility non-tracking,Solar,Available on market,28
ERAA 2025 pre-CfE,2030,UK00,Solar PV utility non-tracking,Solar,Available on market,33732
ERAA 2025 pre-CfE,2030,UKNI,Solar PV utility non-tracking,Solar,Available on market,411
ERAA 2025 pre-CfE,2030,AT00,Battery utility scale,Storage,Available on market,1300
ERAA 2025 pre-CfE,2030,AT00,Electrolyser,Storage,Available on market,1000
ERAA 2025 pre-CfE,2030,AT00,Battery residential,Storage,Out of market – for PV/battery dispatch optimization,3700
ERAA 2025 pre-CfE,2030,BE00,Battery residential,Storage,Available on market,673
ERAA 2025 pre-CfE,2030,BE00,Battery utility scale,Storage,Available on market,1570
ERAA 2025 pre-CfE,2030,BE00,Electrolyser,Storage,Available on market,25
ERAA 2025 pre-CfE,2030,BG00,Battery utility scale,Storage,Available on market,1120
ERAA 2025 pre-CfE,2030,BG00,Electrolyser,Storage,Available on market,52
ERAA 2025 pre-CfE,2030,CH00,Electrolyser,Storage,Available on market,263
ERAA 2025 pre-CfE,2030,CH00,Battery residential,Storage,Out of market – for PV/battery dispatch optimization,2297
ERAA 2025 pre-CfE,2030,CH00,Battery utility scale,Storage,Out of market - primary purpose ancillary service,105
ERAA 2025 pre-CfE,2030,CY00,Battery utility scale,Storage,Available on market,160
ERAA 2025 pre-CfE,2030,CY00,Electrolyser,Storage,Available on market,38
ERAA 2025 pre-CfE,2030,CZ00,Battery utility scale,Storage,Available on market,1723
ERAA 2025 pre-CfE,2030,CZ00,Electrolyser,Storage,Available on market,128
ERAA 2025 pre-CfE,2030,DE00,Battery residential,Storage,Available on market,2688
ERAA 2025 pre-CfE,2030,DE00,Battery utility scale,Storage,Available on market,18265
ERAA 2025 pre-CfE,2030,DE00,Electrolyser,Storage,Available on market,10000
ERAA 2025 pre-CfE,2030,DE00,Hydrogen,Storage,Available on market,974
ERAA 2025 pre-CfE,2030,DE00,Power to heat,Storage,Available on market,5436
ERAA 2025 pre-CfE,2030,DE00,Battery residential,Storage,Out of market – for PV/battery dispatch optimization,27182
ERAA 2025 pre-CfE,2030,DKE1,Battery utility scale,Storage,Available on market,258
ERAA 2025 pre-CfE,2030,DKE1,Electrolyser,Storage,Available on market,296
ERAA 2025 pre-CfE,2030,DKW1,Battery utility scale,Storage,Available on market,469
ERAA 2025 pre-CfE,2030,DKW1,Electrolyser,Storage,Available on market,2477
ERAA 2025 pre-CfE,2030,EE00,Battery utility scale,Storage,Available on market,1000
ERAA 2025 pre-CfE,2030,ES00,Battery residential,Storage,Available on market,1000
ERAA 2025 pre-CfE,2030,ES00,Battery utility scale,Storage,Available on market,6675
ERAA 2025 pre-CfE,2030,ES00,Electrolyser,Storage,Available on market,11960
ERAA 2025 pre-CfE,2030,FI00,Battery utility scale,Storage,Available on market,3111
ERAA 2025 pre-CfE,2030,FI00,Electrolyser,Storage,Available on market,1440
ERAA 2025 pre-CfE,2030,FI00,Power to heat,Storage,Available on market,4166
ERAA 2025 pre-CfE,2030,FR00,Battery utility scale,Storage,Available on market,470
ERAA 2025 pre-CfE,2030,FR00,Electrolyser,Storage,Available on market,3552
ERAA 2025 pre-CfE,2030,GR00,Battery utility scale,Storage,Available on market,2978
ERAA 2025 pre-CfE,2030,GR03,Battery utility scale,Storage,Available on market,50
ERAA 2025 pre-CfE,2030,HR00,Battery utility scale,Storage,Available on market,66
ERAA 2025 pre-CfE,2030,HR00,Electrolyser,Storage,Available on market,70
ERAA 2025 pre-CfE,2030,HU00,Battery utility scale,Storage,Available on market,538
ERAA 2025 pre-CfE,2030,HU00,Electrolyser,Storage,Available on market,240
ERAA 2025 pre-CfE,2030,HU00,Battery residential,Storage,Out of market – for PV/battery dispatch optimization,119
ERAA 2025 pre-CfE,2030,HU00,Battery utility scale,Storage,Out of market - primary purpose ancillary service,1077
ERAA 2025 pre-CfE,2030,HU00,Power to heat,Storage,Out of market - primary purpose ancillary service,246
ERAA 2025 pre-CfE,2030,IE00,Battery utility scale,Storage,Available on market,1078
ERAA 2025 pre-CfE,2030,ITCA,Battery residential,Storage,Available on market,164
ERAA 2025 pre-CfE,2030,ITCA,Battery utility scale,Storage,Available on market,400
ERAA 2025 pre-CfE,2030,ITCN,Battery residential,Storage,Available on market,583
ERAA 2025 pre-CfE,2030,ITCN,Battery utility scale,Storage,Available on market,20
ERAA 2025 pre-CfE,2030,ITCN,Electrolyser,Storage,Available on market,180
ERAA 2025 pre-CfE,2030,ITCS,Battery residential,Storage,Available on market,1006
ERAA 2025 pre-CfE,2030,ITCS,Battery utility scale,Storage,Available on market,945
ERAA 2025 pre-CfE,2030,ITCS,Electrolyser,Storage,Available on market,360
ERAA 2025 pre-CfE,2030,ITN1,Battery residential,Storage,Available on market,3715
ERAA 2025 pre-CfE,2030,ITN1,Battery utility scale,Storage,Available on market,790
ERAA 2025 pre-CfE,2030,ITN1,Electrolyser,Storage,Available on market,810
ERAA 2025 pre-CfE,2030,ITS1,Battery residential,Storage,Available on market,334
ERAA 2025 pre-CfE,2030,ITS1,Battery utility scale,Storage,Available on market,2150
ERAA 2025 pre-CfE,2030,ITS1,Electrolyser,Storage,Available on market,750
ERAA 2025 pre-CfE,2030,ITSA,Battery residential,Storage,Available on market,207
ERAA 2025 pre-CfE,2030,ITSA,Battery utility scale,Storage,Available on market,2150
ERAA 2025 pre-CfE,2030,ITSA,Electrolyser,Storage,Available on market,150
ERAA 2025 pre-CfE,2030,ITSI,Battery residential,Storage,Available on market,391
ERAA 2025 pre-CfE,2030,ITSI,Battery utility scale,Storage,Available on market,1700
ERAA 2025 pre-CfE,2030,ITSI,Electrolyser,Storage,Available on market,750
ERAA 2025 pre-CfE,2030,LT00,Battery utility scale,Storage,Available on market,1300
ERAA 2025 pre-CfE,2030,LT00,Electrolyser,Storage,Available on market,1300
ERAA 2025 pre-CfE,2030,LUG1,Electrolyser,Storage,Available on market,61
ERAA 2025 pre-CfE,2030,LUG1,Battery residential,Storage,Out of market – for PV/battery dispatch optimization,25
ERAA 2025 pre-CfE,2030,LV00,Battery utility scale,Storage,Available on market,220
ERAA 2025 pre-CfE,2030,LV00,Electrolyser,Storage,Available on market,1000
ERAA 2025 pre-CfE,2030,LV00,Battery utility scale,Storage,Out of market - primary purpose ancillary service,80
ERAA 2025 pre-CfE,2030,MD00,Battery utility scale,Storage,Out of market - primary purpose ancillary service,80
ERAA 2025 pre-CfE,2030,MK00,Battery utility scale,Storage,Available on market,80
ERAA 2025 pre-CfE,2030,MT00,Battery utility scale,Storage,Available on market,40
ERAA 2025 pre-CfE,2030,NL00,Battery residential,Storage,Available on market,810
ERAA 2025 pre-CfE,2030,NL00,Battery utility scale,Storage,Available on market,8320
ERAA 2025 pre-CfE,2030,NL00,Electrolyser,Storage,Available on market,1500
ERAA 2025 pre-CfE,2030,NL00,Hydrogen,Storage,Available on market,915
ERAA 2025 pre-CfE,2030,NL00,Power to heat,Storage,Available on market,2267
ERAA 2025 pre-CfE,2030,NL0A_OFF,Electrolyser,Storage,Available on market,50
ERAA 2025 pre-CfE,2030,PL00,Battery utility scale,Storage,Available on market,2213
ERAA 2025 pre-CfE,2030,PT00,Battery utility scale,Storage,Available on market,2000
ERAA 2025 pre-CfE,2030,PT00,Electrolyser,Storage,Available on market,4412
ERAA 2025 pre-CfE,2030,RO00,Battery utility scale,Storage,Available on market,1200
ERAA 2025 pre-CfE,2030,RS00,Battery utility scale,Storage,Available on market,604
ERAA 2025 pre-CfE,2030,SE01,Battery utility scale,Storage,Available on market,50
ERAA 2025 pre-CfE,2030,SE01,Electrolyser,Storage,Available on market,8077
ERAA 2025 pre-CfE,2030,SE02,Battery utility scale,Storage,Available on market,50
ERAA 2025 pre-CfE,2030,SE03,Battery utility scale,Storage,Available on market,50
ERAA 2025 pre-CfE,2030,SE04,Battery utility scale,Storage,Available on market,50
ERAA 2025 pre-CfE,2030,SI00,Battery residential,Storage,Available on market,344
ERAA 2025 pre-CfE,2030,SI00,Battery utility scale,Storage,Available on market,23
ERAA 2025 pre-CfE,2030,SI00,Electrolyser,Storage,Available on market,100
ERAA 2025 pre-CfE,2030,SI00,Battery utility scale,Storage,Out of market - primary purpose ancillary service,15
ERAA 2025 pre-CfE,2030,SK00,Battery residential,Storage,Available on market,130
ERAA 2025 pre-CfE,2030,SK00,Battery utility scale,Storage,Available on market,256
ERAA 2025 pre-CfE,2030,SK00,Electrolyser,Storage,Available on market,131
ERAA 2025 pre-CfE,2030,SK00,Battery utility scale,Storage,Out of market - primary purpose ancillary service,87
ERAA 2025 pre-CfE,2030,UK00,Battery utility scale,Storage,Available on market,24700
ERAA 2025 pre-CfE,2030,UK00,Hydrogen,Storage,Available on market,5
ERAA 2025 pre-CfE,2030,UKNI,Battery utility scale,Storage,Available on market,200
ERAA 2025 pre-CfE,2030,AL00,Natural gas,Thermal,Available on market,300
ERAA 2025 pre-CfE,2030,AT00,Light oil,Thermal,Available on market,122
ERAA 2025 pre-CfE,2030,AT00,Natural gas,Thermal,Available on market,4121
ERAA 2025 pre-CfE,2030,BA00,Lignite,Thermal,Available on market,1518
ERAA 2025 pre-CfE,2030,BE00,Biofuel,Thermal,Available on market,354
ERAA 2025 pre-CfE,2030,BE00,Hard coal,Thermal,Available on market,0
ERAA 2025 pre-CfE,2030,BE00,Heavy oil,Thermal,Available on market,140
ERAA 2025 pre-CfE,2030,BE00,Natural gas,Thermal,Available on market,6333
ERAA 2025 pre-CfE,2030,BE00,Nuclear,Thermal,Available on market,2056
ERAA 2025 pre-CfE,2030,BG00,Hard coal,Thermal,Available on market,168
ERAA 2025 pre-CfE,2030,BG00,Lignite,Thermal,Available on market,1575
ERAA 2025 pre-CfE,2030,BG00,Natural gas,Thermal,Available on market,1835
ERAA 2025 pre-CfE,2030,BG00,Nuclear,Thermal,Available on market,2000
ERAA 2025 pre-CfE,2030,CH00,Biofuel,Thermal,Available on market,122
ERAA 2025 pre-CfE,2030,CH00,Natural gas,Thermal,Available on market,567
ERAA 2025 pre-CfE,2030,CH00,Nuclear,Thermal,Available on market,2960
ERAA 2025 pre-CfE,2030,CY00,Heavy oil,Thermal,Available on market,98
ERAA 2025 pre-CfE,2030,CY00,Light oil,Thermal,Available on market,150
ERAA 2025 pre-CfE,2030,CY00,Natural gas,Thermal,Available on market,1133
ERAA 2025 pre-CfE,2030,CZ00,Lignite,Thermal,Available on market,932
ERAA 2025 pre-CfE,2030,CZ00,Natural gas,Thermal,Available on market,3290
ERAA 2025 pre-CfE,2030,CZ00,Nuclear,Thermal,Available on market,4099
ERAA 2025 pre-CfE,2030,CZ00,Natural gas,Thermal,Out of market - primary purpose ancillary service,106
ERAA 2025 pre-CfE,2030,DE00,Hard coal,Thermal,Available on market,6284
ERAA 2025 pre-CfE,2030,DE00,Heavy oil,Thermal,Available on market,1168
ERAA 2025 pre-CfE,2030,DE00,Lignite,Thermal,Available on market,6041
ERAA 2025 pre-CfE,2030,DE00,Natural gas,Thermal,Available on market,37452
ERAA 2025 pre-CfE,2030,DKE1,Biofuel,Thermal,Available on market,973
ERAA 2025 pre-CfE,2030,DKE1,Hard coal,Thermal,Available on market,0
ERAA 2025 pre-CfE,2030,DKE1,Heavy oil,Thermal,Available on market,28
ERAA 2025 pre-CfE,2030,DKE1,Light oil,Thermal,Available on market,549
ERAA 2025 pre-CfE,2030,DKE1,Natural gas,Thermal,Available on market,279
ERAA 2025 pre-CfE,2030,DKW1,Biofuel,Thermal,Available on market,1097
ERAA 2025 pre-CfE,2030,DKW1,Hard coal,Thermal,Available on market,17
ERAA 2025 pre-CfE,2030,DKW1,Light oil,Thermal,Available on market,125
ERAA 2025 pre-CfE,2030,DKW1,Natural gas,Thermal,Available on market,1187
ERAA 2025 pre-CfE,2030,EE00,Natural gas,Thermal,Available on market,135
ERAA 2025 pre-CfE,2030,EE00,Shale oil,Thermal,Available on market,272
ERAA 2025 pre-CfE,2030,ES00,Natural gas,Thermal,Available on market,24560
ERAA 2025 pre-CfE,2030,ES00,Nuclear,Thermal,Available on market,5100
ERAA 2025 pre-CfE,2030,ES00,Natural gas,Thermal,Inelastic supply / fixed profile,4207
ERAA 2025 pre-CfE,2030,FI00,Biofuel,Thermal,Available on market,1228
ERAA 2025 pre-CfE,2030,FI00,Hard coal,Thermal,Available on market,688
ERAA 2025 pre-CfE,2030,FI00,Natural gas,Thermal,Available on market,1148
ERAA 2025 pre-CfE,2030,FI00,Nuclear,Thermal,Available on market,4572
ERAA 2025 pre-CfE,2030,FI00,Natural gas,Thermal,Mothballed,45
ERAA 2025 pre-CfE,2030,FR00,Light oil,Thermal,Available on market,1331
ERAA 2025 pre-CfE,2030,FR00,Natural gas,Thermal,Available on market,12019
ERAA 2025 pre-CfE,2030,FR00,Nuclear,Thermal,Available on market,63020
ERAA 2025 pre-CfE,2030,GR00,Natural gas,Thermal,Available on market,7922
ERAA 2025 pre-CfE,2030,GR03,Light oil,Thermal,Available on market,144
ERAA 2025 pre-CfE,2030,HR00,Hard coal,Thermal,Available on market,290
ERAA 2025 pre-CfE,2030,HR00,Heavy oil,Thermal,Available on market,303
ERAA 2025 pre-CfE,2030,HR00,Natural gas,Thermal,Available on market,1674
ERAA 2025 pre-CfE,2030,HU00,Biofuel,Thermal,Available on market,202
ERAA 2025 pre-CfE,2030,HU00,Hard coal,Thermal,Available on market,0
ERAA 2025 pre-CfE,2030,HU00,Light oil,Thermal,Available on market,495
ERAA 2025 pre-CfE,2030,HU00,Natural gas,Thermal,Available on market,4668
ERAA 2025 pre-CfE,2030,HU00,Nuclear,Thermal,Available on market,1917
ERAA 2025 pre-CfE,2030,IE00,Biofuel,Thermal,Available on market,118
ERAA 2025 pre-CfE,2030,IE00,Light oil,Thermal,Available on market,208
ERAA 2025 pre-CfE,2030,IE00,Lignite,Thermal,Available on market,0
ERAA 2025 pre-CfE,2030,IE00,Natural gas,Thermal,Available on market,5776
ERAA 2025 pre-CfE,2030,ITCA,Natural gas,Thermal,Available on market,3524
ERAA 2025 pre-CfE,2030,ITCN,Light oil,Thermal,Available on market,23
ERAA 2025 pre-CfE,2030,ITCN,Natural gas,Thermal,Available on market,1970
ERAA 2025 pre-CfE,2030,ITCS,Light oil,Thermal,Available on market,96
ERAA 2025 pre-CfE,2030,ITCS,Natural gas,Thermal,Available on market,7866
ERAA 2025 pre-CfE,2030,ITN1,Light oil,Thermal,Available on market,15
ERAA 2025 pre-CfE,2030,ITN1,Natural gas,Thermal,Available on market,27788
ERAA 2025 pre-CfE,2030,ITS1,Natural gas,Thermal,Available on market,5170
ERAA 2025 pre-CfE,2030,ITSA,Light oil,Thermal,Available on market,65
ERAA 2025 pre-CfE,2030,ITSA,Natural gas,Thermal,Available on market,51
ERAA 2025 pre-CfE,2030,ITSI,Natural gas,Thermal,Available on market,3665
ERAA 2025 pre-CfE,2030,LT00,Natural gas,Thermal,Available on market,624
ERAA 2025 pre-CfE,2030,LUG1,Natural gas,Thermal,Available on market,6
ERAA 2025 pre-CfE,2030,LV00,Natural gas,Thermal,Available on market,1051
ERAA 2025 pre-CfE,2030,MD00,Hard coal,Thermal,Available on market,550
ERAA 2025 pre-CfE,2030,MD00,Natural gas,Thermal,Available on market,780
ERAA 2025 pre-CfE,2030,MD00,Natural gas,Thermal,Inelastic supply / fixed profile,409
ERAA 2025 pre-CfE,2030,ME00,Lignite,Thermal,Available on market,225
ERAA 2025 pre-CfE,2030,MK00,Lignite,Thermal,Available on market,150
ERAA 2025 pre-CfE,2030,MK00,Natural gas,Thermal,Available on market,760
ERAA 2025 pre-CfE,2030,MT00,Natural gas,Thermal,Available on market,505
ERAA 2025 pre-CfE,2030,MT00,Light oil,Thermal,Out of market - primary purpose resource adequacy (approved and contracted),175
ERAA 2025 pre-CfE,2030,NL00,Biofuel,Thermal,Available on market,2211
ERAA 2025 pre-CfE,2030,NL00,Hard coal,Thermal,Available on market,0
ERAA 2025 pre-CfE,2030,NL00,Natural gas,Thermal,Available on market,12717
ERAA 2025 pre-CfE,2030,NL00,Nuclear,Thermal,Available on market,486
ERAA 2025 pre-CfE,2030,NL00,Natural gas,Thermal,Mothballed,343
ERAA 2025 pre-CfE,2030,NOS2,Natural gas,Thermal,Available on market,14
ERAA 2025 pre-CfE,2030,NOS3,Natural gas,Thermal,Available on market,7
ERAA 2025 pre-CfE,2030,PL00,Hard coal,Thermal,Available on market,11072
ERAA 2025 pre-CfE,2030,PL00,Lignite,Thermal,Available on market,5126
ERAA 2025 pre-CfE,2030,PL00,Natural gas,Thermal,Available on market,8825
ERAA 2025 pre-CfE,2030,PT00,Natural gas,Thermal,Available on market,2839
ERAA 2025 pre-CfE,2030,PT00,Natural gas,Thermal,Inelastic supply / fixed profile,670
ERAA 2025 pre-CfE,2030,RO00,Hard coal,Thermal,Available on market,135
ERAA 2025 pre-CfE,2030,RO00,Lignite,Thermal,Available on market,572
ERAA 2025 pre-CfE,2030,RO00,Natural gas,Thermal,Available on market,5477
ERAA 2025 pre-CfE,2030,RO00,Nuclear,Thermal,Available on market,1739
ERAA 2025 pre-CfE,2030,RS00,Lignite,Thermal,Available on market,5050
ERAA 2025 pre-CfE,2030,RS00,Natural gas,Thermal,Available on market,401
ERAA 2025 pre-CfE,2030,SE03,Natural gas,Thermal,Available on market,234
ERAA 2025 pre-CfE,2030,SE03,Nuclear,Thermal,Available on market,6981
ERAA 2025 pre-CfE,2030,SI00,Hard coal,Thermal,Available on market,84
ERAA 2025 pre-CfE,2030,SI00,Lignite,Thermal,Available on market,539
ERAA 2025 pre-CfE,2030,SI00,Natural gas,Thermal,Available on market,968
ERAA 2025 pre-CfE,2030,SI00,Nuclear,Thermal,Available on market,700
ERAA 2025 pre-CfE,2030,SI00,Natural gas,Thermal,Mothballed,58
ERAA 2025 pre-CfE,2030,SK00,Biofuel,Thermal,Available on market,19
ERAA 2025 pre-CfE,2030,SK00,Hard coal,Thermal,Available on market,291
ERAA 2025 pre-CfE,2030,SK00,Heavy oil,Thermal,Available on market,133
ERAA 2025 pre-CfE,2030,SK00,Lignite,Thermal,Available on market,66
ERAA 2025 pre-CfE,2030,SK00,Natural gas,Thermal,Available on market,837
ERAA 2025 pre-CfE,2030,SK00,Nuclear,Thermal,Available on market,2815
ERAA 2025 pre-CfE,2030,SK00,Natural gas,Thermal,Inelastic supply / fixed profile,125
ERAA 2025 pre-CfE,2030,SK00,Light oil,Thermal,Out of market - primary purpose ancillary service,109
ERAA 2025 pre-CfE,2030,SK00,Natural gas,Thermal,Out of market - primary purpose ancillary service,206
ERAA 2025 pre-CfE,2030,UK00,Heavy oil,Thermal,Available on market,306
ERAA 2025 pre-CfE,2030,UK00,Natural gas,Thermal,Available on market,45475
ERAA 2025 pre-CfE,2030,UK00,Nuclear,Thermal,Available on market,2900
ERAA 2025 pre-CfE,2030,UKNI,Biofuel,Thermal,Available on market,18
ERAA 2025 pre-CfE,2030,UKNI,Light oil,Thermal,Available on market,390
ERAA 2025 pre-CfE,2030,UKNI,Lignite,Thermal,Available on market,0
ERAA 2025 pre-CfE,2030,UKNI,Natural gas,Thermal,Available on market,1777
ERAA 2025 pre-CfE,2030,AL00,Wind onshore,Wind,Available on market,500
ERAA 2025 pre-CfE,2030,AT00,Wind onshore,Wind,Available on market,8400
ERAA 2025 pre-CfE,2030,BA00,Wind onshore,Wind,Available on market,1047
ERAA 2025 pre-CfE,2030,BE00,Wind offshore fixed,Wind,Available on market,2260
ERAA 2025 pre-CfE,2030,BE00,Wind onshore,Wind,Available on market,5583
ERAA 2025 pre-CfE,2030,BG00,Wind offshore fixed,Wind,Available on market,500
ERAA 2025 pre-CfE,2030,BG00,Wind onshore,Wind,Available on market,1986
ERAA 2025 pre-CfE,2030,CH00,Wind onshore,Wind,Available on market,252
ERAA 2025 pre-CfE,2030,CY00,Wind onshore,Wind,Available on market,170
ERAA 2025 pre-CfE,2030,CZ00,Wind onshore,Wind,Available on market,1485
ERAA 2025 pre-CfE,2030,DE00,Wind offshore fixed,Wind,Available on market,24089
ERAA 2025 pre-CfE,2030,DE00,Wind onshore,Wind,Available on market,94500
ERAA 2025 pre-CfE,2030,DEKF_OFF,Wind offshore fixed,Wind,Available on market,336
ERAA 2025 pre-CfE,2030,DKE1,Wind offshore fixed,Wind,Available on market,773
ERAA 2025 pre-CfE,2030,DKE1,Wind onshore,Wind,Available on market,880
ERAA 2025 pre-CfE,2030,DKKF_OFF,Wind offshore fixed,Wind,Available on market,605
ERAA 2025 pre-CfE,2030,DKW1,Wind offshore fixed,Wind,Available on market,2790
ERAA 2025 pre-CfE,2030,DKW1,Wind onshore,Wind,Available on market,5571
ERAA 2025 pre-CfE,2030,EE00,Wind onshore,Wind,Available on market,2682
ERAA 2025 pre-CfE,2030,ES00,Wind onshore,Wind,Available on market,57736
ERAA 2025 pre-CfE,2030,ESA1_OFF,Wind offshore floating,Wind,Available on market,300
ERAA 2025 pre-CfE,2030,ESA2_OFF,Wind offshore floating,Wind,Available on market,400
ERAA 2025 pre-CfE,2030,ESAS_OFF,Wind offshore floating,Wind,Available on market,250
ERAA 2025 pre-CfE,2030,ESC1_OFF,Wind offshore floating,Wind,Available on market,300
ERAA 2025 pre-CfE,2030,ESG1_OFF,Wind offshore floating,Wind,Available on market,1350
ERAA 2025 pre-CfE,2030,ESG2_OFF,Wind offshore floating,Wind,Available on market,200
ERAA 2025 pre-CfE,2030,FI00,Wind onshore,Wind,Available on market,19640
ERAA 2025 pre-CfE,2030,FR00,Wind offshore fixed,Wind,Available on market,2930
ERAA 2025 pre-CfE,2030,FR00,Wind offshore floating,Wind,Available on market,85
ERAA 2025 pre-CfE,2030,FR00,Wind onshore,Wind,Available on market,30500
ERAA 2025 pre-CfE,2030,GR00,Wind offshore floating,Wind,Available on market,554
ERAA 2025 pre-CfE,2030,GR00,Wind onshore,Wind,Available on market,7792
ERAA 2025 pre-CfE,2030,GR03,Wind onshore,Wind,Available on market,666
ERAA 2025 pre-CfE,2030,HR00,Wind onshore,Wind,Available on market,1551
ERAA 2025 pre-CfE,2030,HU00,Wind onshore,Wind,Available on market,1090
ERAA 2025 pre-CfE,2030,IE00,Wind offshore fixed,Wind,Available on market,1354
ERAA 2025 pre-CfE,2030,IE00,Wind onshore,Wind,Available on market,7130
ERAA 2025 pre-CfE,2030,ITCA,Wind onshore,Wind,Available on market,2475
ERAA 2025 pre-CfE,2030,ITCN,Wind offshore fixed,Wind,Available on market,100
ERAA 2025 pre-CfE,2030,ITCN,Wind onshore,Wind,Available on market,288
ERAA 2025 pre-CfE,2030,ITCS,Wind onshore,Wind,Available on market,5293
ERAA 2025 pre-CfE,2030,ITN1,Wind offshore fixed,Wind,Available on market,200
ERAA 2025 pre-CfE,2030,ITN1,Wind onshore,Wind,Available on market,445
ERAA 2025 pre-CfE,2030,ITS1,Wind offshore fixed,Wind,Available on market,600
ERAA 2025 pre-CfE,2030,ITS1,Wind onshore,Wind,Available on market,10327
ERAA 2025 pre-CfE,2030,ITSA,Wind offshore fixed,Wind,Available on market,600
ERAA 2025 pre-CfE,2030,ITSA,Wind onshore,Wind,Available on market,2515
ERAA 2025 pre-CfE,2030,ITSI,Wind offshore fixed,Wind,Available on market,600
ERAA 2025 pre-CfE,2030,ITSI,Wind onshore,Wind,Available on market,4696
ERAA 2025 pre-CfE,2030,LT00,Wind onshore,Wind,Available on market,4515
ERAA 2025 pre-CfE,2030,LTH1_OFF,Wind offshore fixed,Wind,Available on market,700
ERAA 2025 pre-CfE,2030,LUG1,Wind onshore,Wind,Available on market,457
ERAA 2025 pre-CfE,2030,LV00,Wind onshore,Wind,Available on market,580
ERAA 2025 pre-CfE,2030,MD00,Wind onshore,Wind,Available on market,655
ERAA 2025 pre-CfE,2030,ME00,Wind onshore,Wind,Available on market,313
ERAA 2025 pre-CfE,2030,MK00,Wind onshore,Wind,Available on market,170
ERAA 2025 pre-CfE,2030,NL00,Wind offshore fixed,Wind,Available on market,12174
ERAA 2025 pre-CfE,2030,NL00,Wind onshore,Wind,Available on market,8110
ERAA 2025 pre-CfE,2030,NOM1,Wind onshore,Wind,Available on market,2211
ERAA 2025 pre-CfE,2030,NON1,Wind onshore,Wind,Available on market,1160
ERAA 2025 pre-CfE,2030,NOS1,Wind onshore,Wind,Available on market,406
ERAA 2025 pre-CfE,2030,NOS2,Wind onshore,Wind,Available on market,1273
ERAA 2025 pre-CfE,2030,NOS3,Wind onshore,Wind,Available on market,160
ERAA 2025 pre-CfE,2030,PL00,Wind offshore fixed,Wind,Available on market,5927
ERAA 2025 pre-CfE,2030,PL00,Wind onshore,Wind,Available on market,19028
ERAA 2025 pre-CfE,2030,PT00,Wind offshore floating,Wind,Available on market,1803
ERAA 2025 pre-CfE,2030,PT00,Wind onshore,Wind,Available on market,9857
ERAA 2025 pre-CfE,2030,RO00,Wind onshore,Wind,Available on market,7300
ERAA 2025 pre-CfE,2030,RS00,Wind onshore,Wind,Available on market,6531
ERAA 2025 pre-CfE,2030,SE01,Wind onshore,Wind,Available on market,4574
ERAA 2025 pre-CfE,2030,SE02,Wind onshore,Wind,Available on market,8255
ERAA 2025 pre-CfE,2030,SE03,Wind offshore fixed,Wind,Available on market,33
ERAA 2025 pre-CfE,2030,SE03,Wind onshore,Wind,Available on market,4868
ERAA 2025 pre-CfE,2030,SE04,Wind offshore fixed,Wind,Available on market,434
ERAA 2025 pre-CfE,2030,SE04,Wind onshore,Wind,Available on market,2562
ERAA 2025 pre-CfE,2030,SI00,Wind onshore,Wind,Inelastic supply / fixed profile,118
ERAA 2025 pre-CfE,2030,SK00,Wind onshore,Wind,Available on market,750
ERAA 2025 pre-CfE,2030,UK00,Wind offshore fixed,Wind,Available on market,47029
ERAA 2025 pre-CfE,2030,UK00,Wind offshore floating,Wind,Available on market,400
ERAA 2025 pre-CfE,2030,UK00,Wind onshore,Wind,Available on market,25825
ERAA 2025 pre-CfE,2030,UKNI,Wind offshore fixed,Wind,Available on market,500
ERAA 2025 pre-CfE,2030,UKNI,Wind onshore,Wind,Available on market,1985
ERAA 2025 pre-CfE,2033,AL00,EV - iDSR,DSR,Available on market,0
ERAA 2025 pre-CfE,2033,AL00,HP - iDSR,DSR,Available on market,0
ERAA 2025 pre-CfE,2033,AT00,DSR,DSR,Available on market,720
ERAA 2025 pre-CfE,2033,AT00,EV - iDSR,DSR,Available on market,0
ERAA 2025 pre-CfE,2033,AT00,HP - iDSR,DSR,Available on market,0
ERAA 2025 pre-CfE,2033,BA00,EV - iDSR,DSR,Available on market,0
ERAA 2025 pre-CfE,2033,BA00,HP - iDSR,DSR,Available on market,0
ERAA 2025 pre-CfE,2033,BE00,DSR,DSR,Available on market,2331
ERAA 2025 pre-CfE,2033,BE00,EV - iDSR,DSR,Available on market,398
ERAA 2025 pre-CfE,2033,BE00,HP - iDSR,DSR,Available on market,141
ERAA 2025 pre-CfE,2033,BG00,EV - iDSR,DSR,Available on market,0
ERAA 2025 pre-CfE,2033,BG00,HP - iDSR,DSR,Available on market,0
ERAA 2025 pre-CfE,2033,CH00,EV - iDSR,DSR,Available on market,1488
ERAA 2025 pre-CfE,2033,CH00,HP - iDSR,DSR,Available on market,9821
ERAA 2025 pre-CfE,2033,CY00,EV - iDSR,DSR,Available on market,0
ERAA 2025 pre-CfE,2033,CY00,HP - iDSR,DSR,Available on market,0
ERAA 2025 pre-CfE,2033,CZ00,DSR,DSR,Available on market,180
ERAA 2025 pre-CfE,2033,CZ00,EV - iDSR,DSR,Available on market,0
ERAA 2025 pre-CfE,2033,CZ00,HP - iDSR,DSR,Available on market,0
ERAA 2025 pre-CfE,2033,DE00,DSR,DSR,Available on market,5106
ERAA 2025 pre-CfE,2033,DE00,EV - iDSR,DSR,Available on market,16161
ERAA 2025 pre-CfE,2033,DE00,HP - iDSR,DSR,Available on market,1149
ERAA 2025 pre-CfE,2033,DKE1,DSR,DSR,Available on market,1789
ERAA 2025 pre-CfE,2033,DKE1,EV - iDSR,DSR,Available on market,0
ERAA 2025 pre-CfE,2033,DKE1,HP - iDSR,DSR,Available on market,0
ERAA 2025 pre-CfE,2033,DKW1,DSR,DSR,Available on market,3026
ERAA 2025 pre-CfE,2033,DKW1,EV - iDSR,DSR,Available on market,0
ERAA 2025 pre-CfE,2033,DKW1,HP - iDSR,DSR,Available on market,0
ERAA 2025 pre-CfE,2033,EE00,DSR,DSR,Available on market,235
ERAA 2025 pre-CfE,2033,EE00,EV - iDSR,DSR,Available on market,0
ERAA 2025 pre-CfE,2033,EE00,HP - iDSR,DSR,Available on market,0
ERAA 2025 pre-CfE,2033,ES00,EV - iDSR,DSR,Available on market,0
ERAA 2025 pre-CfE,2033,ES00,HP - iDSR,DSR,Available on market,0
ERAA 2025 pre-CfE,2033,ES00,DSR,DSR,Out of market - primary purpose ancillary service,1148
ERAA 2025 pre-CfE,2033,FI00,DSR,DSR,Available on market,2132
ERAA 2025 pre-CfE,2033,FI00,EV - iDSR,DSR,Available on market,5446
ERAA 2025 pre-CfE,2033,FI00,HP - iDSR,DSR,Available on market,538
ERAA 2025 pre-CfE,2033,FR00,DSR,DSR,Available on market,6300
ERAA 2025 pre-CfE,2033,FR00,EV - iDSR,DSR,Available on market,264
ERAA 2025 pre-CfE,2033,FR00,HP - iDSR,DSR,Available on market,0
ERAA 2025 pre-CfE,2033,GR00,DSR,DSR,Available on market,290
ERAA 2025 pre-CfE,2033,GR00,EV - iDSR,DSR,Available on market,0
ERAA 2025 pre-CfE,2033,GR00,HP - iDSR,DSR,Available on market,0
ERAA 2025 pre-CfE,2033,GR03,EV - iDSR,DSR,Available on market,0
ERAA 2025 pre-CfE,2033,GR03,HP - iDSR,DSR,Available on market,0
ERAA 2025 pre-CfE,2033,HR00,DSR,DSR,Available on market,87
ERAA 2025 pre-CfE,2033,HR00,EV - iDSR,DSR,Available on market,0
ERAA 2025 pre-CfE,2033,HR00,HP - iDSR,DSR,Available on market,0
ERAA 2025 pre-CfE,2033,HU00,EV - iDSR,DSR,Available on market,0
ERAA 2025 pre-CfE,2033,HU00,HP - iDSR,DSR,Available on market,0
ERAA 2025 pre-CfE,2033,IE00,DSR,DSR,Available on market,860
ERAA 2025 pre-CfE,2033,IE00,EV - iDSR,DSR,Available on market,0
ERAA 2025 pre-CfE,2033,IE00,HP - iDSR,DSR,Available on market,0
ERAA 2025 pre-CfE,2033,ITCA,DSR,DSR,Available on market,37
ERAA 2025 pre-CfE,2033,ITCA,EV - iDSR,DSR,Available on market,0
ERAA 2025 pre-CfE,2033,ITCA,HP - iDSR,DSR,Available on market,0
ERAA 2025 pre-CfE,2033,ITCN,DSR,DSR,Available on market,189
ERAA 2025 pre-CfE,2033,ITCN,EV - iDSR,DSR,Available on market,0
ERAA 2025 pre-CfE,2033,ITCN,HP - iDSR,DSR,Available on market,0
ERAA 2025 pre-CfE,2033,ITCS,DSR,DSR,Available on market,192
ERAA 2025 pre-CfE,2033,ITCS,EV - iDSR,DSR,Available on market,0
ERAA 2025 pre-CfE,2033,ITCS,HP - iDSR,DSR,Available on market,0
ERAA 2025 pre-CfE,2033,ITN1,DSR,DSR,Available on market,1429
ERAA 2025 pre-CfE,2033,ITN1,EV - iDSR,DSR,Available on market,0
ERAA 2025 pre-CfE,2033,ITN1,HP - iDSR,DSR,Available on market,0
ERAA 2025 pre-CfE,2033,ITS1,DSR,DSR,Available on market,100
ERAA 2025 pre-CfE,2033,ITS1,EV - iDSR,DSR,Available on market,0
ERAA 2025 pre-CfE,2033,ITS1,HP - iDSR,DSR,Available on market,0
ERAA 2025 pre-CfE,2033,ITSA,DSR,DSR,Available on market,10
ERAA 2025 pre-CfE,2033,ITSA,EV - iDSR,DSR,Available on market,0
ERAA 2025 pre-CfE,2033,ITSA,HP - iDSR,DSR,Available on market,0
ERAA 2025 pre-CfE,2033,ITSI,DSR,DSR,Available on market,44
ERAA 2025 pre-CfE,2033,ITSI,EV - iDSR,DSR,Available on market,0
ERAA 2025 pre-CfE,2033,ITSI,HP - iDSR,DSR,Available on market,0
ERAA 2025 pre-CfE,2033,LT00,DSR,DSR,Available on market,40
ERAA 2025 pre-CfE,2033,LT00,EV - iDSR,DSR,Available on market,0
ERAA 2025 pre-CfE,2033,LT00,HP - iDSR,DSR,Available on market,0
ERAA 2025 pre-CfE,2033,LUG1,EV - iDSR,DSR,Available on market,0
ERAA 2025 pre-CfE,2033,LUG1,HP - iDSR,DSR,Available on market,0
ERAA 2025 pre-CfE,2033,LV00,DSR,DSR,Available on market,150
ERAA 2025 pre-CfE,2033,LV00,EV - iDSR,DSR,Available on market,0
ERAA 2025 pre-CfE,2033,LV00,HP - iDSR,DSR,Available on market,0
ERAA 2025 pre-CfE,2033,MD00,EV - iDSR,DSR,Available on market,55
ERAA 2025 pre-CfE,2033,MD00,HP - iDSR,DSR,Available on market,0
ERAA 2025 pre-CfE,2033,ME00,EV - iDSR,DSR,Available on market,0
ERAA 2025 pre-CfE,2033,ME00,HP - iDSR,DSR,Available on market,0
ERAA 2025 pre-CfE,2033,MK00,EV - iDSR,DSR,Available on market,0
ERAA 2025 pre-CfE,2033,MK00,HP - iDSR,DSR,Available on market,0
ERAA 2025 pre-CfE,2033,MT00,EV - iDSR,DSR,Available on market,0
ERAA 2025 pre-CfE,2033,MT00,HP - iDSR,DSR,Available on market,0
ERAA 2025 pre-CfE,2033,NL00,DSR,DSR,Available on market,1599
ERAA 2025 pre-CfE,2033,NL00,EV - iDSR,DSR,Available on market,0
ERAA 2025 pre-CfE,2033,NL00,HP - iDSR,DSR,Available on market,0
ERAA 2025 pre-CfE,2033,NOM1,EV - iDSR,DSR,Available on market,0
ERAA 2025 pre-CfE,2033,NOM1,HP - iDSR,DSR,Available on market,0
ERAA 2025 pre-CfE,2033,NON1,EV - iDSR,DSR,Available on market,0
ERAA 2025 pre-CfE,2033,NON1,HP - iDSR,DSR,Available on market,0
ERAA 2025 pre-CfE,2033,NOS1,EV - iDSR,DSR,Available on market,0
ERAA 2025 pre-CfE,2033,NOS1,HP - iDSR,DSR,Available on market,0
ERAA 2025 pre-CfE,2033,NOS2,EV - iDSR,DSR,Available on market,0
ERAA 2025 pre-CfE,2033,NOS2,HP - iDSR,DSR,Available on market,0
ERAA 2025 pre-CfE,2033,NOS3,EV - iDSR,DSR,Available on market,0
ERAA 2025 pre-CfE,2033,NOS3,HP - iDSR,DSR,Available on market,0
ERAA 2025 pre-CfE,2033,PL00,EV - iDSR,DSR,Available on market,0
ERAA 2025 pre-CfE,2033,PL00,HP - iDSR,DSR,Available on market,0
ERAA 2025 pre-CfE,2033,PT00,EV - iDSR,DSR,Available on market,0
ERAA 2025 pre-CfE,2033,PT00,HP - iDSR,DSR,Available on market,0
ERAA 2025 pre-CfE,2033,RO00,EV - iDSR,DSR,Available on market,0
ERAA 2025 pre-CfE,2033,RO00,HP - iDSR,DSR,Available on market,0
ERAA 2025 pre-CfE,2033,RS00,EV - iDSR,DSR,Available on market,0
ERAA 2025 pre-CfE,2033,RS00,HP - iDSR,DSR,Available on market,0
ERAA 2025 pre-CfE,2033,SE01,DSR,DSR,Available on market,295
ERAA 2025 pre-CfE,2033,SE01,EV - iDSR,DSR,Available on market,0
ERAA 2025 pre-CfE,2033,SE01,HP - iDSR,DSR,Available on market,0
ERAA 2025 pre-CfE,2033,SE02,DSR,DSR,Available on market,421
ERAA 2025 pre-CfE,2033,SE02,EV - iDSR,DSR,Available on market,0
ERAA 2025 pre-CfE,2033,SE02,HP - iDSR,DSR,Available on market,0
ERAA 2025 pre-CfE,2033,SE03,DSR,DSR,Available on market,2241
ERAA 2025 pre-CfE,2033,SE03,EV - iDSR,DSR,Available on market,0
ERAA 2025 pre-CfE,2033,SE03,HP - iDSR,DSR,Available on market,0
ERAA 2025 pre-CfE,2033,SE04,DSR,DSR,Available on market,637
ERAA 2025 pre-CfE,2033,SE04,EV - iDSR,DSR,Available on market,0
ERAA 2025 pre-CfE,2033,SE04,HP - iDSR,DSR,Available on market,0
ERAA 2025 pre-CfE,2033,SI00,DSR,DSR,Available on market,30
ERAA 2025 pre-CfE,2033,SI00,EV - iDSR,DSR,Available on market,0
ERAA 2025 pre-CfE,2033,SI00,HP - iDSR,DSR,Available on market,0
ERAA 2025 pre-CfE,2033,SK00,EV - iDSR,DSR,Available on market,0
ERAA 2025 pre-CfE,2033,SK00,HP - iDSR,DSR,Available on market,0
ERAA 2025 pre-CfE,2033,UK00,DSR,DSR,Available on market,10123
ERAA 2025 pre-CfE,2033,UKNI,DSR,DSR,Available on market,170
ERAA 2025 pre-CfE,2033,UKNI,EV - iDSR,DSR,Available on market,0
ERAA 2025 pre-CfE,2033,UKNI,HP - iDSR,DSR,Available on market,0
ERAA 2025 pre-CfE,2033,AL00,Reservoir,Hydro,Available on market,2032
ERAA 2025 pre-CfE,2033,AL00,Run of river,Hydro,Available on market,535
ERAA 2025 pre-CfE,2033,AT00,Closed loop pumping,Hydro,Available on market,300
ERAA 2025 pre-CfE,2033,AT00,Open loop pumping,Hydro,Available on market,6282
ERAA 2025 pre-CfE,2033,AT00,Pondage,Hydro,Available on market,1150
ERAA 2025 pre-CfE,2033,AT00,Reservoir,Hydro,Available on market,2559
ERAA 2025 pre-CfE,2033,AT00,Run of river,Hydro,Available on market,5392
ERAA 2025 pre-CfE,2033,BA00,Pondage,Hydro,Available on market,35
ERAA 2025 pre-CfE,2033,BA00,Reservoir,Hydro,Available on market,160
ERAA 2025 pre-CfE,2033,BA00,Run of river,Hydro,Available on market,32
ERAA 2025 pre-CfE,2033,BA00,Open loop pumping,Hydro,Out of market - primary purpose ancillary service,440
ERAA 2025 pre-CfE,2033,BA00,Pondage,Hydro,Out of market - primary purpose ancillary service,193
ERAA 2025 pre-CfE,2033,BA00,Reservoir,Hydro,Out of market - primary purpose ancillary service,1456
ERAA 2025 pre-CfE,2033,BE00,Closed loop pumping,Hydro,Available on market,1305
ERAA 2025 pre-CfE,2033,BE00,Run of river,Hydro,Available on market,157
ERAA 2025 pre-CfE,2033,BG00,Closed loop pumping,Hydro,Available on market,864
ERAA 2025 pre-CfE,2033,BG00,Open loop pumping,Hydro,Available on market,535
ERAA 2025 pre-CfE,2033,BG00,Reservoir,Hydro,Available on market,1281
ERAA 2025 pre-CfE,2033,BG00,Run of river,Hydro,Available on market,536
ERAA 2025 pre-CfE,2033,CH00,Closed loop pumping,Hydro,Available on market,1900
ERAA 2025 pre-CfE,2033,CH00,Open loop pumping,Hydro,Available on market,2958
ERAA 2025 pre-CfE,2033,CH00,Reservoir,Hydro,Available on market,8650
ERAA 2025 pre-CfE,2033,CH00,Run of river,Hydro,Available on market,4244
ERAA 2025 pre-CfE,2033,CY00,Closed loop pumping,Hydro,Available on market,40
ERAA 2025 pre-CfE,2033,CZ00,Closed loop pumping,Hydro,Available on market,678
ERAA 2025 pre-CfE,2033,CZ00,Open loop pumping,Hydro,Available on market,654
ERAA 2025 pre-CfE,2033,CZ00,Reservoir,Hydro,Available on market,520
ERAA 2025 pre-CfE,2033,CZ00,Run of river,Hydro,Available on market,415
ERAA 2025 pre-CfE,2033,DE00,Closed loop pumping,Hydro,Available on market,6891
ERAA 2025 pre-CfE,2033,DE00,Open loop pumping,Hydro,Available on market,2232
ERAA 2025 pre-CfE,2033,DE00,Reservoir,Hydro,Available on market,1008
ERAA 2025 pre-CfE,2033,DE00,Run of river,Hydro,Available on market,3934
ERAA 2025 pre-CfE,2033,ES00,Closed loop pumping,Hydro,Available on market,7161
ERAA 2025 pre-CfE,2033,ES00,Open loop pumping,Hydro,Available on market,3157
ERAA 2025 pre-CfE,2033,ES00,Reservoir,Hydro,Available on market,11536
ERAA 2025 pre-CfE,2033,ES00,Run of river,Hydro,Available on market,3118
ERAA 2025 pre-CfE,2033,FI00,Reservoir,Hydro,Available on market,3237
ERAA 2025 pre-CfE,2033,FR00,Closed loop pumping,Hydro,Available on market,1950
ERAA 2025 pre-CfE,2033,FR00,Open loop pumping,Hydro,Available on market,1850
ERAA 2025 pre-CfE,2033,FR00,Reservoir,Hydro,Available on market,9849
ERAA 2025 pre-CfE,2033,FR00,Run of river,Hydro,Available on market,13600
ERAA 2025 pre-CfE,2033,GR00,Closed loop pumping,Hydro,Available on market,1150
ERAA 2025 pre-CfE,2033,GR00,Open loop pumping,Hydro,Available on market,699
ERAA 2025 pre-CfE,2033,GR00,Pondage,Hydro,Available on market,22
ERAA 2025 pre-CfE,2033,GR00,Reservoir,Hydro,Available on market,2872
ERAA 2025 pre-CfE,2033,GR00,Run of river,Hydro,Available on market,347
ERAA 2025 pre-CfE,2033,HR00,Open loop pumping,Hydro,Available on market,282
ERAA 2025 pre-CfE,2033,HR00,Pondage,Hydro,Available on market,313
ERAA 2025 pre-CfE,2033,HR00,Reservoir,Hydro,Available on market,1423
ERAA 2025 pre-CfE,2033,HR00,Run of river,Hydro,Available on market,65
ERAA 2025 pre-CfE,2033,HU00,Run of river,Hydro,Available on market,63
ERAA 2025 pre-CfE,2033,IE00,Closed loop pumping,Hydro,Available on market,292
ERAA 2025 pre-CfE,2033,IE00,Run of river,Hydro,Available on market,215
ERAA 2025 pre-CfE,2033,ITCA,Reservoir,Hydro,Available on market,699
ERAA 2025 pre-CfE,2033,ITCA,Run of river,Hydro,Available on market,118
ERAA 2025 pre-CfE,2033,ITCN,Reservoir,Hydro,Available on market,374
ERAA 2025 pre-CfE,2033,ITCN,Run of river,Hydro,Available on market,308
ERAA 2025 pre-CfE,2033,ITCS,Closed loop pumping,Hydro,Available on market,985
ERAA 2025 pre-CfE,2033,ITCS,Open loop pumping,Hydro,Available on market,742
ERAA 2025 pre-CfE,2033,ITCS,Reservoir,Hydro,Available on market,961
ERAA 2025 pre-CfE,2033,ITCS,Run of river,Hydro,Available on market,680
ERAA 2025 pre-CfE,2033,ITN1,Closed loop pumping,Hydro,Available on market,2380
ERAA 2025 pre-CfE,2033,ITN1,Open loop pumping,Hydro,Available on market,2755
ERAA 2025 pre-CfE,2033,ITN1,Reservoir,Hydro,Available on market,6075
ERAA 2025 pre-CfE,2033,ITN1,Run of river,Hydro,Available on market,5663
ERAA 2025 pre-CfE,2033,ITS1,Reservoir,Hydro,Available on market,177
ERAA 2025 pre-CfE,2033,ITS1,Run of river,Hydro,Available on market,53
ERAA 2025 pre-CfE,2033,ITSA,Closed loop pumping,Hydro,Available on market,240
ERAA 2025 pre-CfE,2033,ITSA,Reservoir,Hydro,Available on market,142
ERAA 2025 pre-CfE,2033,ITSA,Run of river,Hydro,Available on market,77
ERAA 2025 pre-CfE,2033,ITSI,Closed loop pumping,Hydro,Available on market,500
ERAA 2025 pre-CfE,2033,ITSI,Open loop pumping,Hydro,Available on market,80
ERAA 2025 pre-CfE,2033,ITSI,Run of river,Hydro,Available on market,129
ERAA 2025 pre-CfE,2033,LT00,Closed loop pumping,Hydro,Available on market,938
ERAA 2025 pre-CfE,2033,LT00,Run of river,Hydro,Available on market,127
ERAA 2025 pre-CfE,2033,LUG1,Run of river,Hydro,Available on market,27
ERAA 2025 pre-CfE,2033,LUV1,Closed loop pumping,Hydro,Available on market,1300
ERAA 2025 pre-CfE,2033,LV00,Pondage,Hydro,Available on market,1592
ERAA 2025 pre-CfE,2033,MD00,Run of river,Hydro,Available on market,17
ERAA 2025 pre-CfE,2033,MD00,Run of river,Hydro,Inelastic supply / fixed profile,48
ERAA 2025 pre-CfE,2033,ME00,Reservoir,Hydro,Available on market,706
ERAA 2025 pre-CfE,2033,ME00,Run of river,Hydro,Available on market,581
ERAA 2025 pre-CfE,2033,MK00,Reservoir,Hydro,Available on market,539
ERAA 2025 pre-CfE,2033,MK00,Run of river,Hydro,Available on market,231
ERAA 2025 pre-CfE,2033,NL00,Run of river,Hydro,Inelastic supply / fixed profile,37
ERAA 2025 pre-CfE,2033,NOM1,Open loop pumping,Hydro,Available on market,66
ERAA 2025 pre-CfE,2033,NOM1,Reservoir,Hydro,Available on market,3370
ERAA 2025 pre-CfE,2033,NOM1,Run of river,Hydro,Available on market,1063
ERAA 2025 pre-CfE,2033,NON1,Open loop pumping,Hydro,Available on market,4
ERAA 2025 pre-CfE,2033,NON1,Reservoir,Hydro,Available on market,4902
ERAA 2025 pre-CfE,2033,NON1,Run of river,Hydro,Available on market,707
ERAA 2025 pre-CfE,2033,NOS1,Open loop pumping,Hydro,Available on market,3
ERAA 2025 pre-CfE,2033,NOS1,Reservoir,Hydro,Available on market,5515
ERAA 2025 pre-CfE,2033,NOS1,Run of river,Hydro,Available on market,3134
ERAA 2025 pre-CfE,2033,NOS2,Open loop pumping,Hydro,Available on market,249
ERAA 2025 pre-CfE,2033,NOS2,Reservoir,Hydro,Available on market,8232
ERAA 2025 pre-CfE,2033,NOS2,Run of river,Hydro,Available on market,1558
ERAA 2025 pre-CfE,2033,NOS3,Open loop pumping,Hydro,Available on market,419
ERAA 2025 pre-CfE,2033,NOS3,Reservoir,Hydro,Available on market,5629
ERAA 2025 pre-CfE,2033,NOS3,Run of river,Hydro,Available on market,701
ERAA 2025 pre-CfE,2033,PL00,Closed loop pumping,Hydro,Available on market,1279
ERAA 2025 pre-CfE,2033,PL00,Open loop pumping,Hydro,Available on market,118
ERAA 2025 pre-CfE,2033,PL00,Reservoir,Hydro,Available on market,425
ERAA 2025 pre-CfE,2033,PL00,Run of river,Hydro,Inelastic supply / fixed profile,524
ERAA 2025 pre-CfE,2033,PT00,Marine,Hydro,Available on market,201
ERAA 2025 pre-CfE,2033,PT00,Open loop pumping,Hydro,Available on market,4469
ERAA 2025 pre-CfE,2033,PT00,Pondage,Hydro,Available on market,280
ERAA 2025 pre-CfE,2033,PT00,Reservoir,Hydro,Available on market,3136
ERAA 2025 pre-CfE,2033,PT00,Run of river,Hydro,Available on market,508
ERAA 2025 pre-CfE,2033,RO00,Pondage,Hydro,Available on market,390
ERAA 2025 pre-CfE,2033,RO00,Reservoir,Hydro,Available on market,2620
ERAA 2025 pre-CfE,2033,RO00,Run of river,Hydro,Available on market,3392
ERAA 2025 pre-CfE,2033,RO00,Run of river,Hydro,Mothballed,16
ERAA 2025 pre-CfE,2033,RS00,Closed loop pumping,Hydro,Available on market,1270
ERAA 2025 pre-CfE,2033,RS00,Reservoir,Hydro,Available on market,435
ERAA 2025 pre-CfE,2033,RS00,Run of river,Hydro,Available on market,2036
ERAA 2025 pre-CfE,2033,SE01,Reservoir,Hydro,Available on market,5444
ERAA 2025 pre-CfE,2033,SE02,Reservoir,Hydro,Available on market,7650
ERAA 2025 pre-CfE,2033,SE03,Reservoir,Hydro,Available on market,2286
ERAA 2025 pre-CfE,2033,SE04,Reservoir,Hydro,Available on market,237
ERAA 2025 pre-CfE,2033,SI00,Open loop pumping,Hydro,Available on market,530
ERAA 2025 pre-CfE,2033,SI00,Pondage,Hydro,Available on market,1052
ERAA 2025 pre-CfE,2033,SI00,Reservoir,Hydro,Available on market,21
ERAA 2025 pre-CfE,2033,SI00,Run of river,Hydro,Inelastic supply / fixed profile,140
ERAA 2025 pre-CfE,2033,SK00,Closed loop pumping,Hydro,Available on market,744
ERAA 2025 pre-CfE,2033,SK00,Open loop pumping,Hydro,Available on market,276
ERAA 2025 pre-CfE,2033,SK00,Pondage,Hydro,Available on market,203
ERAA 2025 pre-CfE,2033,SK00,Reservoir,Hydro,Available on market,21
ERAA 2025 pre-CfE,2033,SK00,Run of river,Hydro,Available on market,1423
ERAA 2025 pre-CfE,2033,UK00,Closed loop pumping,Hydro,Available on market,4116
ERAA 2025 pre-CfE,2033,UK00,Marine,Hydro,Available on market,392
ERAA 2025 pre-CfE,2033,UK00,Run of river,Hydro,Available on market,1985
ERAA 2025 pre-CfE,2033,UKNI,Run of river,Hydro,Available on market,6
ERAA 2025 pre-CfE,2033,AT00,Small biomass,Others RES,Available on market,659
ERAA 2025 pre-CfE,2033,AT00,Waste,Others RES,Available on market,108
ERAA 2025 pre-CfE,2033,BE00,Small biomass,Others RES,Available on market,567
ERAA 2025 pre-CfE,2033,BE00,Waste,Others RES,Available on market,30
ERAA 2025 pre-CfE,2033,BG00,Small biomass,Others RES,Available on market,123
ERAA 2025 pre-CfE,2033,CH00,Geothermal,Others RES,Available on market,7
ERAA 2025 pre-CfE,2033,CH00,Small biomass,Others RES,Available on market,69
ERAA 2025 pre-CfE,2033,CH00,Waste,Others RES,Available on market,223
ERAA 2025 pre-CfE,2033,CY00,Waste,Others RES,Available on market,42
ERAA 2025 pre-CfE,2033,CZ00,Small biomass,Others RES,Available on market,908
ERAA 2025 pre-CfE,2033,CZ00,Waste,Others RES,Available on market,284
ERAA 2025 pre-CfE,2033,DE00,Small biomass,Others RES,Inelastic supply / fixed profile,9460
ERAA 2025 pre-CfE,2033,DE00,Waste,Others RES,Inelastic supply / fixed profile,1938
ERAA 2025 pre-CfE,2033,EE00,Small biomass,Others RES,Available on market,152
ERAA 2025 pre-CfE,2033,EE00,Waste,Others RES,Available on market,17
ERAA 2025 pre-CfE,2033,ES00,Small biomass,Others RES,Available on market,1963
ERAA 2025 pre-CfE,2033,FI00,Small biomass,Others RES,Available on market,1683
ERAA 2025 pre-CfE,2033,FI00,Waste,Others RES,Available on market,153
ERAA 2025 pre-CfE,2033,FR00,Small biomass,Others RES,Available on market,1469
ERAA 2025 pre-CfE,2033,FR00,Waste,Others RES,Available on market,449
ERAA 2025 pre-CfE,2033,GR00,Small biomass,Others RES,Available on market,76
ERAA 2025 pre-CfE,2033,GR03,Small biomass,Others RES,Available on market,3
ERAA 2025 pre-CfE,2033,HR00,Geothermal,Others RES,Available on market,20
ERAA 2025 pre-CfE,2033,HR00,Small biomass,Others RES,Available on market,99
ERAA 2025 pre-CfE,2033,HU00,Geothermal,Others RES,Available on market,91
ERAA 2025 pre-CfE,2033,HU00,Small biomass,Others RES,Available on market,157
ERAA 2025 pre-CfE,2033,HU00,Waste,Others RES,Available on market,37
ERAA 2025 pre-CfE,2033,IE00,Small biomass,Others RES,Available on market,31
ERAA 2025 pre-CfE,2033,IE00,Waste,Others RES,Available on market,78
ERAA 2025 pre-CfE,2033,ITCA,Small biomass,Others RES,Available on market,172
ERAA 2025 pre-CfE,2033,ITCA,Waste,Others RES,Available on market,21
ERAA 2025 pre-CfE,2033,ITCN,Geothermal,Others RES,Available on market,1000
ERAA 2025 pre-CfE,2033,ITCN,Small biomass,Others RES,Available on market,135
ERAA 2025 pre-CfE,2033,ITCN,Waste,Others RES,Available on market,32
ERAA 2025 pre-CfE,2033,ITCS,Small biomass,Others RES,Available on market,278
ERAA 2025 pre-CfE,2033,ITCS,Waste,Others RES,Available on market,180
ERAA 2025 pre-CfE,2033,ITN1,Small biomass,Others RES,Available on market,1219
ERAA 2025 pre-CfE,2033,ITN1,Waste,Others RES,Available on market,512
ERAA 2025 pre-CfE,2033,ITS1,Small biomass,Others RES,Available on market,377
ERAA 2025 pre-CfE,2033,ITS1,Waste,Others RES,Available on market,50
ERAA 2025 pre-CfE,2033,ITSA,Small biomass,Others RES,Available on market,94
ERAA 2025 pre-CfE,2033,ITSA,Waste,Others RES,Available on market,24
ERAA 2025 pre-CfE,2033,ITSI,Small biomass,Others RES,Available on market,94
ERAA 2025 pre-CfE,2033,ITSI,Waste,Others RES,Available on market,8
ERAA 2025 pre-CfE,2033,LT00,Small biomass,Others RES,Available on market,150
ERAA 2025 pre-CfE,2033,LT00,Waste,Others RES,Available on market,60
ERAA 2025 pre-CfE,2033,LUG1,Small biomass,Others RES,Available on market,111
ERAA 2025 pre-CfE,2033,LV00,Small biomass,Others RES,Available on market,166
ERAA 2025 pre-CfE,2033,MD00,Small biomass,Others RES,Available on market,3
ERAA 2025 pre-CfE,2033,MK00,Small biomass,Others RES,Available on market,31
ERAA 2025 pre-CfE,2033,NL00,Small biomass,Others RES,Available on market,200
ERAA 2025 pre-CfE,2033,NL00,Small biomass,Others RES,Inelastic supply / fixed profile,419
ERAA 2025 pre-CfE,2033,NL00,Waste,Others RES,Inelastic supply / fixed profile,679
ERAA 2025 pre-CfE,2033,NOM1,Small biomass,Others RES,Available on market,54
ERAA 2025 pre-CfE,2033,NOM1,Waste,Others RES,Available on market,6
ERAA 2025 pre-CfE,2033,NON1,Small biomass,Others RES,Available on market,76
ERAA 2025 pre-CfE,2033,NOS1,Small biomass,Others RES,Available on market,2
ERAA 2025 pre-CfE,2033,NOS1,Waste,Others RES,Available on market,26
ERAA 2025 pre-CfE,2033,NOS2,Waste,Others RES,Available on market,22
ERAA 2025 pre-CfE,2033,NOS3,Small biomass,Others RES,Available on market,11
ERAA 2025 pre-CfE,2033,NOS3,Waste,Others RES,Available on market,11
ERAA 2025 pre-CfE,2033,PL00,Small biomass,Others RES,Inelastic supply / fixed profile,1582
ERAA 2025 pre-CfE,2033,PL00,Waste,Others RES,Inelastic supply / fixed profile,128
ERAA 2025 pre-CfE,2033,PT00,Small biomass,Others RES,Available on market,1267
ERAA 2025 pre-CfE,2033,PT00,Waste,Others RES,Available on market,91
ERAA 2025 pre-CfE,2033,RO00,Small biomass,Others RES,Available on market,180
ERAA 2025 pre-CfE,2033,RS00,Waste,Others RES,Available on market,30
ERAA 2025 pre-CfE,2033,SE01,Small biomass,Others RES,Available on market,179
ERAA 2025 pre-CfE,2033,SE01,Waste,Others RES,Available on market,15
ERAA 2025 pre-CfE,2033,SE02,Small biomass,Others RES,Available on market,746
ERAA 2025 pre-CfE,2033,SE02,Waste,Others RES,Available on market,19
ERAA 2025 pre-CfE,2033,SE03,Small biomass,Others RES,Available on market,1902
ERAA 2025 pre-CfE,2033,SE03,Waste,Others RES,Available on market,343
ERAA 2025 pre-CfE,2033,SE04,Small biomass,Others RES,Available on market,661
ERAA 2025 pre-CfE,2033,SE04,Waste,Others RES,Available on market,73
ERAA 2025 pre-CfE,2033,SI00,Small biomass,Others RES,Inelastic supply / fixed profile,68
ERAA 2025 pre-CfE,2033,SK00,Geothermal,Others RES,Inelastic supply / fixed profile,12
ERAA 2025 pre-CfE,2033,SK00,Small biomass,Others RES,Inelastic supply / fixed profile,116
ERAA 2025 pre-CfE,2033,SK00,Waste,Others RES,Inelastic supply / fixed profile,178
ERAA 2025 pre-CfE,2033,UK00,Small biomass,Others RES,Available on market,4558
ERAA 2025 pre-CfE,2033,UK00,Waste,Others RES,Available on market,3263
ERAA 2025 pre-CfE,2033,AL00,Solar PV utility non-tracking,Solar,Available on market,5
ERAA 2025 pre-CfE,2033,AL00,Solar PV utility tracking,Solar,Available on market,1295
ERAA 2025 pre-CfE,2033,AT00,Solar PV utility non-tracking,Solar,Available on market,17500
ERAA 2025 pre-CfE,2033,AT00,Solar PV rooftop residential,Solar,Out of market – for PV/battery dispatch optimization,9500
ERAA 2025 pre-CfE,2033,BA00,Solar PV utility non-tracking,Solar,Available on market,1945
ERAA 2025 pre-CfE,2033,BE00,Solar PV rooftop residential,Solar,Available on market,18306
ERAA 2025 pre-CfE,2033,BG00,Solar PV utility non-tracking,Solar,Available on market,8211
ERAA 2025 pre-CfE,2033,CH00,Solar PV utility non-tracking,Solar,Available on market,500
ERAA 2025 pre-CfE,2033,CH00,Solar PV rooftop industrial,Solar,Out of market – for PV/battery dispatch optimization,12705
ERAA 2025 pre-CfE,2033,CH00,Solar PV rooftop residential,Solar,Out of market – for PV/battery dispatch optimization,8470
ERAA 2025 pre-CfE,2033,CY00,Solar PV rooftop industrial,Solar,Available on market,86
ERAA 2025 pre-CfE,2033,CY00,Solar PV rooftop residential,Solar,Available on market,489
ERAA 2025 pre-CfE,2033,CY00,Solar PV utility non-tracking,Solar,Available on market,884
ERAA 2025 pre-CfE,2033,CY00,Solar PV utility tracking,Solar,Available on market,47
ERAA 2025 pre-CfE,2033,CZ00,Solar PV rooftop residential,Solar,Available on market,1348
ERAA 2025 pre-CfE,2033,CZ00,Solar PV utility non-tracking,Solar,Available on market,9290
ERAA 2025 pre-CfE,2033,DE00,Solar PV rooftop industrial,Solar,Available on market,48933
ERAA 2025 pre-CfE,2033,DE00,Solar PV rooftop residential,Solar,Available on market,108916
ERAA 2025 pre-CfE,2033,DE00,Solar PV utility non-tracking,Solar,Available on market,118484
ERAA 2025 pre-CfE,2033,DKE1,Solar PV rooftop industrial,Solar,Available on market,1205
ERAA 2025 pre-CfE,2033,DKE1,Solar PV rooftop residential,Solar,Available on market,926
ERAA 2025 pre-CfE,2033,DKE1,Solar PV utility non-tracking,Solar,Available on market,4313
ERAA 2025 pre-CfE,2033,DKE1,Solar PV utility tracking,Solar,Available on market,1262
ERAA 2025 pre-CfE,2033,DKW1,Solar PV rooftop industrial,Solar,Available on market,1813
ERAA 2025 pre-CfE,2033,DKW1,Solar PV rooftop residential,Solar,Available on market,1581
ERAA 2025 pre-CfE,2033,DKW1,Solar PV utility non-tracking,Solar,Available on market,13105
ERAA 2025 pre-CfE,2033,DKW1,Solar PV utility tracking,Solar,Available on market,3775
ERAA 2025 pre-CfE,2033,EE00,Solar PV utility non-tracking,Solar,Available on market,1590
ERAA 2025 pre-CfE,2033,ES00,Solar PV rooftop residential,Solar,Available on market,21366
ERAA 2025 pre-CfE,2033,ES00,Solar PV utility non-tracking,Solar,Available on market,46830
ERAA 2025 pre-CfE,2033,ES00,Solar PV utility tracking,Solar,Available on market,27542
ERAA 2025 pre-CfE,2033,ES00,Solar thermal with storage,Solar,Available on market,3534
ERAA 2025 pre-CfE,2033,ES00,Solar thermal without storage,Solar,Available on market,1271
ERAA 2025 pre-CfE,2033,FI00,Solar PV rooftop residential,Solar,Available on market,3618
ERAA 2025 pre-CfE,2033,FI00,Solar PV utility non-tracking,Solar,Available on market,9731
ERAA 2025 pre-CfE,2033,FR00,Solar PV rooftop industrial,Solar,Available on market,16802
ERAA 2025 pre-CfE,2033,FR00,Solar PV rooftop residential,Solar,Available on market,10298
ERAA 2025 pre-CfE,2033,FR00,Solar PV utility non-tracking,Solar,Available on market,27100
ERAA 2025 pre-CfE,2033,GR00,Solar PV rooftop industrial,Solar,Available on market,154
ERAA 2025 pre-CfE,2033,GR00,Solar PV rooftop residential,Solar,Available on market,827
ERAA 2025 pre-CfE,2033,GR00,Solar PV utility non-tracking,Solar,Available on market,15014
ERAA 2025 pre-CfE,2033,GR03,Solar PV rooftop industrial,Solar,Available on market,31
ERAA 2025 pre-CfE,2033,GR03,Solar PV rooftop residential,Solar,Available on market,158
ERAA 2025 pre-CfE,2033,GR03,Solar PV utility non-tracking,Solar,Available on market,300
ERAA 2025 pre-CfE,2033,HR00,Solar PV rooftop industrial,Solar,Available on market,98
ERAA 2025 pre-CfE,2033,HR00,Solar PV rooftop residential,Solar,Available on market,724
ERAA 2025 pre-CfE,2033,HR00,Solar PV utility tracking,Solar,Available on market,892
ERAA 2025 pre-CfE,2033,HU00,Solar PV rooftop industrial,Solar,Available on market,1844
ERAA 2025 pre-CfE,2033,HU00,Solar PV rooftop residential,Solar,Available on market,3508
ERAA 2025 pre-CfE,2033,HU00,Solar PV utility non-tracking,Solar,Available on market,7624
ERAA 2025 pre-CfE,2033,HU00,Solar PV utility tracking,Solar,Available on market,847
ERAA 2025 pre-CfE,2033,HU00,Solar PV rooftop residential,Solar,Out of market – for PV/battery dispatch optimization,179
ERAA 2025 pre-CfE,2033,IE00,Solar PV rooftop residential,Solar,Available on market,3339
ERAA 2025 pre-CfE,2033,IE00,Solar PV utility non-tracking,Solar,Available on market,4722
ERAA 2025 pre-CfE,2033,ITCA,Solar PV rooftop industrial,Solar,Available on market,890
ERAA 2025 pre-CfE,2033,ITCA,Solar PV utility non-tracking,Solar,Available on market,591
ERAA 2025 pre-CfE,2033,ITCA,Solar PV utility tracking,Solar,Available on market,1248
ERAA 2025 pre-CfE,2033,ITCN,Solar PV rooftop industrial,Solar,Available on market,2951
ERAA 2025 pre-CfE,2033,ITCN,Solar PV utility non-tracking,Solar,Available on market,2925
ERAA 2025 pre-CfE,2033,ITCN,Solar PV utility tracking,Solar,Available on market,2802
ERAA 2025 pre-CfE,2033,ITCS,Solar PV rooftop industrial,Solar,Available on market,4188
ERAA 2025 pre-CfE,2033,ITCS,Solar PV utility non-tracking,Solar,Available on market,3619
ERAA 2025 pre-CfE,2033,ITCS,Solar PV utility tracking,Solar,Available on market,6999
ERAA 2025 pre-CfE,2033,ITN1,Solar PV rooftop industrial,Solar,Available on market,22333
ERAA 2025 pre-CfE,2033,ITN1,Solar PV utility non-tracking,Solar,Available on market,11259
ERAA 2025 pre-CfE,2033,ITN1,Solar PV utility tracking,Solar,Available on market,2921
ERAA 2025 pre-CfE,2033,ITS1,Solar PV rooftop industrial,Solar,Available on market,1193
ERAA 2025 pre-CfE,2033,ITS1,Solar PV utility non-tracking,Solar,Available on market,3443
ERAA 2025 pre-CfE,2033,ITS1,Solar PV utility tracking,Solar,Available on market,6299
ERAA 2025 pre-CfE,2033,ITS1,Solar thermal without storage,Solar,Available on market,40
ERAA 2025 pre-CfE,2033,ITSA,Solar PV rooftop industrial,Solar,Available on market,1245
ERAA 2025 pre-CfE,2033,ITSA,Solar PV utility non-tracking,Solar,Available on market,1257
ERAA 2025 pre-CfE,2033,ITSA,Solar PV utility tracking,Solar,Available on market,3817
ERAA 2025 pre-CfE,2033,ITSI,Solar PV rooftop industrial,Solar,Available on market,2447
ERAA 2025 pre-CfE,2033,ITSI,Solar PV utility non-tracking,Solar,Available on market,1899
ERAA 2025 pre-CfE,2033,ITSI,Solar PV utility tracking,Solar,Available on market,5880
ERAA 2025 pre-CfE,2033,ITSI,Solar thermal without storage,Solar,Available on market,40
ERAA 2025 pre-CfE,2033,LT00,Solar PV rooftop residential,Solar,Available on market,1660
ERAA 2025 pre-CfE,2033,LT00,Solar PV utility non-tracking,Solar,Available on market,2940
ERAA 2025 pre-CfE,2033,LUG1,Solar PV rooftop residential,Solar,Available on market,698
ERAA 2025 pre-CfE,2033,LUG1,Solar PV utility non-tracking,Solar,Available on market,299
ERAA 2025 pre-CfE,2033,LV00,Solar PV rooftop industrial,Solar,Available on market,730
ERAA 2025 pre-CfE,2033,LV00,Solar PV rooftop residential,Solar,Available on market,560
ERAA 2025 pre-CfE,2033,LV00,Solar thermal without storage,Solar,Available on market,70
ERAA 2025 pre-CfE,2033,MD00,Solar PV rooftop residential,Solar,Available on market,9
ERAA 2025 pre-CfE,2033,MD00,Solar PV utility non-tracking,Solar,Available on market,515
ERAA 2025 pre-CfE,2033,ME00,Solar PV rooftop industrial,Solar,Available on market,750
ERAA 2025 pre-CfE,2033,MK00,Solar PV rooftop residential,Solar,Available on market,1142
ERAA 2025 pre-CfE,2033,MK00,Solar PV utility non-tracking,Solar,Available on market,780
ERAA 2025 pre-CfE,2033,MT00,Solar PV rooftop industrial,Solar,Available on market,178
ERAA 2025 pre-CfE,2033,MT00,Solar PV rooftop residential,Solar,Available on market,144
ERAA 2025 pre-CfE,2033,MT00,Solar PV utility non-tracking,Solar,Available on market,63
ERAA 2025 pre-CfE,2033,NL00,Solar PV rooftop industrial,Solar,Available on market,21530
ERAA 2025 pre-CfE,2033,NL00,Solar PV rooftop residential,Solar,Available on market,25423
ERAA 2025 pre-CfE,2033,NL00,Solar PV utility tracking,Solar,Available on market,17014
ERAA 2025 pre-CfE,2033,NOM1,Solar PV rooftop industrial,Solar,Available on market,1320
ERAA 2025 pre-CfE,2033,NOS1,Solar PV rooftop industrial,Solar,Available on market,1965
ERAA 2025 pre-CfE,2033,NOS2,Solar PV rooftop industrial,Solar,Available on market,1685
ERAA 2025 pre-CfE,2033,NOS3,Solar PV rooftop industrial,Solar,Available on market,596
ERAA 2025 pre-CfE,2033,PL00,Solar PV rooftop residential,Solar,Available on market,16000
ERAA 2025 pre-CfE,2033,PL00,Solar PV utility non-tracking,Solar,Available on market,18331
ERAA 2025 pre-CfE,2033,PT00,Solar PV rooftop industrial,Solar,Available on market,986
ERAA 2025 pre-CfE,2033,PT00,Solar PV utility non-tracking,Solar,Available on market,17935
ERAA 2025 pre-CfE,2033,RO00,Solar PV rooftop residential,Solar,Available on market,5100
ERAA 2025 pre-CfE,2033,RO00,Solar PV utility non-tracking,Solar,Available on market,6600
ERAA 2025 pre-CfE,2033,RS00,Solar PV rooftop residential,Solar,Available on market,1684
ERAA 2025 pre-CfE,2033,RS00,Solar PV utility non-tracking,Solar,Available on market,3169
ERAA 2025 pre-CfE,2033,SE01,Solar PV rooftop residential,Solar,Available on market,259
ERAA 2025 pre-CfE,2033,SE01,Solar PV utility non-tracking,Solar,Available on market,259
ERAA 2025 pre-CfE,2033,SE02,Solar PV rooftop residential,Solar,Available on market,286
ERAA 2025 pre-CfE,2033,SE02,Solar PV utility non-tracking,Solar,Available on market,422
ERAA 2025 pre-CfE,2033,SE03,Solar PV rooftop residential,Solar,Available on market,4159
ERAA 2025 pre-CfE,2033,SE03,Solar PV utility non-tracking,Solar,Available on market,1162
ERAA 2025 pre-CfE,2033,SE04,Solar PV rooftop residential,Solar,Available on market,1814
ERAA 2025 pre-CfE,2033,SE04,Solar PV utility non-tracking,Solar,Available on market,431
ERAA 2025 pre-CfE,2033,SI00,Solar PV rooftop residential,Solar,Inelastic supply / fixed profile,2175
ERAA 2025 pre-CfE,2033,SI00,Solar PV utility non-tracking,Solar,Inelastic supply / fixed profile,1377
ERAA 2025 pre-CfE,2033,SK00,Solar PV rooftop industrial,Solar,Available on market,816
ERAA 2025 pre-CfE,2033,SK00,Solar PV rooftop residential,Solar,Available on market,922
ERAA 2025 pre-CfE,2033,SK00,Solar PV utility non-tracking,Solar,Available on market,35
ERAA 2025 pre-CfE,2033,UK00,Solar PV utility non-tracking,Solar,Available on market,42811
ERAA 2025 pre-CfE,2033,UKNI,Solar PV utility non-tracking,Solar,Available on market,745
ERAA 2025 pre-CfE,2033,AT00,Battery utility scale,Storage,Available on market,2680
ERAA 2025 pre-CfE,2033,AT00,Electrolyser,Storage,Available on market,2230
ERAA 2025 pre-CfE,2033,AT00,Battery residential,Storage,Out of market – for PV/battery dispatch optimization,4390
ERAA 2025 pre-CfE,2033,BE00,Battery residential,Storage,Available on market,1121
ERAA 2025 pre-CfE,2033,BE00,Battery utility scale,Storage,Available on market,2041
ERAA 2025 pre-CfE,2033,BE00,Electrolyser,Storage,Available on market,25
ERAA 2025 pre-CfE,2033,BG00,Battery utility scale,Storage,Available on market,1120
ERAA 2025 pre-CfE,2033,BG00,Electrolyser,Storage,Available on market,52
ERAA 2025 pre-CfE,2033,CH00,Electrolyser,Storage,Available on market,426
ERAA 2025 pre-CfE,2033,CH00,Battery residential,Storage,Out of market – for PV/battery dispatch optimization,2719
ERAA 2025 pre-CfE,2033,CH00,Battery utility scale,Storage,Out of market - primary purpose ancillary service,105
ERAA 2025 pre-CfE,2033,CY00,Battery utility scale,Storage,Available on market,160
ERAA 2025 pre-CfE,2033,CY00,Electrolyser,Storage,Available on market,40
ERAA 2025 pre-CfE,2033,CZ00,Battery utility scale,Storage,Available on market,1908
ERAA 2025 pre-CfE,2033,CZ00,Electrolyser,Storage,Available on market,128
ERAA 2025 pre-CfE,2033,DE00,Battery residential,Storage,Available on market,7315
ERAA 2025 pre-CfE,2033,DE00,Battery utility scale,Storage,Available on market,24152
ERAA 2025 pre-CfE,2033,DE00,Electrolyser,Storage,Available on market,20714
ERAA 2025 pre-CfE,2033,DE00,Hydrogen,Storage,Available on market,5655
ERAA 2025 pre-CfE,2033,DE00,Power to heat,Storage,Available on market,7992
ERAA 2025 pre-CfE,2033,DE00,Battery residential,Storage,Out of market – for PV/battery dispatch optimization,33325
ERAA 2025 pre-CfE,2033,DKB2_OFF,Electrolyser,Storage,Available on market,400
ERAA 2025 pre-CfE,2033,DKE1,Battery utility scale,Storage,Available on market,283
ERAA 2025 pre-CfE,2033,DKE1,Electrolyser,Storage,Available on market,796
ERAA 2025 pre-CfE,2033,DKHE_OFF,Electrolyser,Storage,Available on market,100
ERAA 2025 pre-CfE,2033,DKK2_OFF,Electrolyser,Storage,Available on market,400
ERAA 2025 pre-CfE,2033,DKKA_OFF,Electrolyser,Storage,Available on market,100
ERAA 2025 pre-CfE,2033,DKN1_OFF,Electrolyser,Storage,Available on market,1500
ERAA 2025 pre-CfE,2033,DKW1,Battery utility scale,Storage,Available on market,515
ERAA 2025 pre-CfE,2033,DKW1,Electrolyser,Storage,Available on market,4634
ERAA 2025 pre-CfE,2033,EE00,Battery utility scale,Storage,Available on market,1000
ERAA 2025 pre-CfE,2033,ES00,Battery residential,Storage,Available on market,1209
ERAA 2025 pre-CfE,2033,ES00,Battery utility scale,Storage,Available on market,12173
ERAA 2025 pre-CfE,2033,ES00,Electrolyser,Storage,Available on market,23014
ERAA 2025 pre-CfE,2033,FI00,Battery utility scale,Storage,Available on market,4111
ERAA 2025 pre-CfE,2033,FI00,Electrolyser,Storage,Available on market,2281
ERAA 2025 pre-CfE,2033,FI00,Power to heat,Storage,Available on market,4275
ERAA 2025 pre-CfE,2033,FR00,Battery utility scale,Storage,Available on market,470
ERAA 2025 pre-CfE,2033,FR00,Electrolyser,Storage,Available on market,8310
ERAA 2025 pre-CfE,2033,GR00,Battery utility scale,Storage,Available on market,4800
ERAA 2025 pre-CfE,2033,GR00,Electrolyser,Storage,Available on market,139
ERAA 2025 pre-CfE,2033,GR03,Battery utility scale,Storage,Available on market,110
ERAA 2025 pre-CfE,2033,HR00,Battery utility scale,Storage,Available on market,66
ERAA 2025 pre-CfE,2033,HR00,Electrolyser,Storage,Available on market,70
ERAA 2025 pre-CfE,2033,HU00,Battery utility scale,Storage,Available on market,538
ERAA 2025 pre-CfE,2033,HU00,Electrolyser,Storage,Available on market,240
ERAA 2025 pre-CfE,2033,HU00,Battery residential,Storage,Out of market – for PV/battery dispatch optimization,179
ERAA 2025 pre-CfE,2033,HU00,Battery utility scale,Storage,Out of market - primary purpose ancillary service,1077
ERAA 2025 pre-CfE,2033,HU00,Power to heat,Storage,Out of market - primary purpose ancillary service,246
ERAA 2025 pre-CfE,2033,IE00,Battery utility scale,Storage,Available on market,1078
ERAA 2025 pre-CfE,2033,ITCA,Battery residential,Storage,Available on market,174
ERAA 2025 pre-CfE,2033,ITCA,Battery utility scale,Storage,Available on market,592
ERAA 2025 pre-CfE,2033,ITCA,Electrolyser,Storage,Available on market,210
ERAA 2025 pre-CfE,2033,ITCN,Battery residential,Storage,Available on market,640
ERAA 2025 pre-CfE,2033,ITCN,Battery utility scale,Storage,Available on market,20
ERAA 2025 pre-CfE,2033,ITCN,Electrolyser,Storage,Available on market,201
ERAA 2025 pre-CfE,2033,ITCS,Battery residential,Storage,Available on market,1067
ERAA 2025 pre-CfE,2033,ITCS,Battery utility scale,Storage,Available on market,1305
ERAA 2025 pre-CfE,2033,ITCS,Electrolyser,Storage,Available on market,432
ERAA 2025 pre-CfE,2033,ITN1,Battery residential,Storage,Available on market,4046
ERAA 2025 pre-CfE,2033,ITN1,Battery utility scale,Storage,Available on market,790
ERAA 2025 pre-CfE,2033,ITN1,Electrolyser,Storage,Available on market,867
ERAA 2025 pre-CfE,2033,ITS1,Battery residential,Storage,Available on market,344
ERAA 2025 pre-CfE,2033,ITS1,Battery utility scale,Storage,Available on market,3038
ERAA 2025 pre-CfE,2033,ITS1,Electrolyser,Storage,Available on market,1485
ERAA 2025 pre-CfE,2033,ITSA,Battery residential,Storage,Available on market,222
ERAA 2025 pre-CfE,2033,ITSA,Battery utility scale,Storage,Available on market,2414
ERAA 2025 pre-CfE,2033,ITSA,Electrolyser,Storage,Available on market,195
ERAA 2025 pre-CfE,2033,ITSI,Battery residential,Storage,Available on market,416
ERAA 2025 pre-CfE,2033,ITSI,Battery utility scale,Storage,Available on market,2396
ERAA 2025 pre-CfE,2033,ITSI,Electrolyser,Storage,Available on market,915
ERAA 2025 pre-CfE,2033,LT00,Battery utility scale,Storage,Available on market,1650
ERAA 2025 pre-CfE,2033,LT00,Electrolyser,Storage,Available on market,1300
ERAA 2025 pre-CfE,2033,LUG1,Electrolyser,Storage,Available on market,77
ERAA 2025 pre-CfE,2033,LUG1,Battery residential,Storage,Out of market – for PV/battery dispatch optimization,33
ERAA 2025 pre-CfE,2033,LV00,Battery utility scale,Storage,Available on market,220
ERAA 2025 pre-CfE,2033,LV00,Electrolyser,Storage,Available on market,1000
ERAA 2025 pre-CfE,2033,LV00,Battery utility scale,Storage,Out of market - primary purpose ancillary service,80
ERAA 2025 pre-CfE,2033,MD00,Battery utility scale,Storage,Out of market - primary purpose ancillary service,80
ERAA 2025 pre-CfE,2033,MK00,Battery utility scale,Storage,Available on market,80
ERAA 2025 pre-CfE,2033,MT00,Battery utility scale,Storage,Available on market,40
ERAA 2025 pre-CfE,2033,NL00,Battery residential,Storage,Available on market,2010
ERAA 2025 pre-CfE,2033,NL00,Battery utility scale,Storage,Available on market,14577
ERAA 2025 pre-CfE,2033,NL00,Electrolyser,Storage,Available on market,3600
ERAA 2025 pre-CfE,2033,NL00,Hydrogen,Storage,Available on market,915
ERAA 2025 pre-CfE,2033,NL00,Power to heat,Storage,Available on market,2605
ERAA 2025 pre-CfE,2033,NL0A_OFF,Electrolyser,Storage,Available on market,50
ERAA 2025 pre-CfE,2033,PL00,Battery utility scale,Storage,Available on market,3059
ERAA 2025 pre-CfE,2033,PT00,Battery utility scale,Storage,Available on market,2300
ERAA 2025 pre-CfE,2033,PT00,Electrolyser,Storage,Available on market,6205
ERAA 2025 pre-CfE,2033,RO00,Battery utility scale,Storage,Available on market,1700
ERAA 2025 pre-CfE,2033,RS00,Battery utility scale,Storage,Available on market,604
ERAA 2025 pre-CfE,2033,SE01,Battery utility scale,Storage,Available on market,50
ERAA 2025 pre-CfE,2033,SE01,Electrolyser,Storage,Available on market,12532
ERAA 2025 pre-CfE,2033,SE02,Battery utility scale,Storage,Available on market,50
ERAA 2025 pre-CfE,2033,SE03,Battery utility scale,Storage,Available on market,50
ERAA 2025 pre-CfE,2033,SE04,Battery utility scale,Storage,Available on market,50
ERAA 2025 pre-CfE,2033,SI00,Battery residential,Storage,Available on market,613
ERAA 2025 pre-CfE,2033,SI00,Battery utility scale,Storage,Available on market,50
ERAA 2025 pre-CfE,2033,SI00,Electrolyser,Storage,Available on market,100
ERAA 2025 pre-CfE,2033,SI00,Battery utility scale,Storage,Out of market - primary purpose ancillary service,15
ERAA 2025 pre-CfE,2033,SK00,Battery residential,Storage,Available on market,280
ERAA 2025 pre-CfE,2033,SK00,Battery utility scale,Storage,Available on market,384
ERAA 2025 pre-CfE,2033,SK00,Electrolyser,Storage,Available on market,196
ERAA 2025 pre-CfE,2033,SK00,Battery utility scale,Storage,Out of market - primary purpose ancillary service,87
ERAA 2025 pre-CfE,2033,UK00,Battery utility scale,Storage,Available on market,25511
ERAA 2025 pre-CfE,2033,UK00,Hydrogen,Storage,Available on market,303
ERAA 2025 pre-CfE,2033,UKNI,Battery utility scale,Storage,Available on market,200
ERAA 2025 pre-CfE,2033,AL00,Natural gas,Thermal,Available on market,300
ERAA 2025 pre-CfE,2033,AT00,Light oil,Thermal,Available on market,122
ERAA 2025 pre-CfE,2033,AT00,Natural gas,Thermal,Available on market,2520
ERAA 2025 pre-CfE,2033,BA00,Lignite,Thermal,Available on market,1518
ERAA 2025 pre-CfE,2033,BE00,Biofuel,Thermal,Available on market,354
ERAA 2025 pre-CfE,2033,BE00,Hard coal,Thermal,Available on market,0
ERAA 2025 pre-CfE,2033,BE00,Heavy oil,Thermal,Available on market,140
ERAA 2025 pre-CfE,2033,BE00,Natural gas,Thermal,Available on market,6048
ERAA 2025 pre-CfE,2033,BE00,Nuclear,Thermal,Available on market,2056
ERAA 2025 pre-CfE,2033,BG00,Hard coal,Thermal,Available on market,168
ERAA 2025 pre-CfE,2033,BG00,Lignite,Thermal,Available on market,1406
ERAA 2025 pre-CfE,2033,BG00,Natural gas,Thermal,Available on market,1835
ERAA 2025 pre-CfE,2033,BG00,Nuclear,Thermal,Available on market,2000
ERAA 2025 pre-CfE,2033,CH00,Biofuel,Thermal,Available on market,140
ERAA 2025 pre-CfE,2033,CH00,Natural gas,Thermal,Available on market,544
ERAA 2025 pre-CfE,2033,CH00,Nuclear,Thermal,Available on market,2595
ERAA 2025 pre-CfE,2033,CY00,Heavy oil,Thermal,Available on market,98
ERAA 2025 pre-CfE,2033,CY00,Natural gas,Thermal,Available on market,889
ERAA 2025 pre-CfE,2033,CZ00,Natural gas,Thermal,Available on market,3888
ERAA 2025 pre-CfE,2033,CZ00,Nuclear,Thermal,Available on market,4099
ERAA 2025 pre-CfE,2033,CZ00,Natural gas,Thermal,Out of market - primary purpose ancillary service,106
ERAA 2025 pre-CfE,2033,DE00,Hard coal,Thermal,Available on market,3455
ERAA 2025 pre-CfE,2033,DE00,Heavy oil,Thermal,Available on market,668
ERAA 2025 pre-CfE,2033,DE00,Lignite,Thermal,Available on market,5682
ERAA 2025 pre-CfE,2033,DE00,Natural gas,Thermal,Available on market,30072
ERAA 2025 pre-CfE,2033,DKE1,Biofuel,Thermal,Available on market,970
ERAA 2025 pre-CfE,2033,DKE1,Hard coal,Thermal,Available on market,0
ERAA 2025 pre-CfE,2033,DKE1,Heavy oil,Thermal,Available on market,28
ERAA 2025 pre-CfE,2033,DKE1,Light oil,Thermal,Available on market,549
ERAA 2025 pre-CfE,2033,DKE1,Natural gas,Thermal,Available on market,205
ERAA 2025 pre-CfE,2033,DKW1,Biofuel,Thermal,Available on market,715
ERAA 2025 pre-CfE,2033,DKW1,Hard coal,Thermal,Available on market,17
ERAA 2025 pre-CfE,2033,DKW1,Light oil,Thermal,Available on market,111
ERAA 2025 pre-CfE,2033,DKW1,Natural gas,Thermal,Available on market,431
ERAA 2025 pre-CfE,2033,EE00,Natural gas,Thermal,Available on market,135
ERAA 2025 pre-CfE,2033,EE00,Shale oil,Thermal,Available on market,272
ERAA 2025 pre-CfE,2033,ES00,Natural gas,Thermal,Available on market,24560
ERAA 2025 pre-CfE,2033,ES00,Nuclear,Thermal,Available on market,2049
ERAA 2025 pre-CfE,2033,ES00,Natural gas,Thermal,Inelastic supply / fixed profile,4207
ERAA 2025 pre-CfE,2033,FI00,Biofuel,Thermal,Available on market,1228
ERAA 2025 pre-CfE,2033,FI00,Hard coal,Thermal,Available on market,458
ERAA 2025 pre-CfE,2033,FI00,Natural gas,Thermal,Available on market,1023
ERAA 2025 pre-CfE,2033,FI00,Nuclear,Thermal,Available on market,4572
ERAA 2025 pre-CfE,2033,FI00,Natural gas,Thermal,Mothballed,45
ERAA 2025 pre-CfE,2033,FR00,Light oil,Thermal,Available on market,1331
ERAA 2025 pre-CfE,2033,FR00,Natural gas,Thermal,Available on market,10955
ERAA 2025 pre-CfE,2033,FR00,Nuclear,Thermal,Available on market,63020
ERAA 2025 pre-CfE,2033,GR00,Natural gas,Thermal,Available on market,7922
ERAA 2025 pre-CfE,2033,GR03,Light oil,Thermal,Available on market,144
ERAA 2025 pre-CfE,2033,HR00,Hard coal,Thermal,Available on market,290
ERAA 2025 pre-CfE,2033,HR00,Natural gas,Thermal,Available on market,700
ERAA 2025 pre-CfE,2033,HU00,Biofuel,Thermal,Available on market,175
ERAA 2025 pre-CfE,2033,HU00,Hard coal,Thermal,Available on market,0
ERAA 2025 pre-CfE,2033,HU00,Light oil,Thermal,Available on market,495
ERAA 2025 pre-CfE,2033,HU00,Natural gas,Thermal,Available on market,4622
ERAA 2025 pre-CfE,2033,HU00,Nuclear,Thermal,Available on market,4277
ERAA 2025 pre-CfE,2033,IE00,Biofuel,Thermal,Available on market,118
ERAA 2025 pre-CfE,2033,IE00,Light oil,Thermal,Available on market,208
ERAA 2025 pre-CfE,2033,IE00,Lignite,Thermal,Available on market,0
ERAA 2025 pre-CfE,2033,IE00,Natural gas,Thermal,Available on market,5776
ERAA 2025 pre-CfE,2033,ITCA,Natural gas,Thermal,Available on market,3524
ERAA 2025 pre-CfE,2033,ITCN,Light oil,Thermal,Available on market,23
ERAA 2025 pre-CfE,2033,ITCN,Natural gas,Thermal,Available on market,1970
ERAA 2025 pre-CfE,2033,ITCS,Light oil,Thermal,Available on market,96
ERAA 2025 pre-CfE,2033,ITCS,Natural gas,Thermal,Available on market,7866
ERAA 2025 pre-CfE,2033,ITN1,Light oil,Thermal,Available on market,15
ERAA 2025 pre-CfE,2033,ITN1,Natural gas,Thermal,Available on market,27788
ERAA 2025 pre-CfE,2033,ITS1,Natural gas,Thermal,Available on market,5170
ERAA 2025 pre-CfE,2033,ITSA,Light oil,Thermal,Available on market,65
ERAA 2025 pre-CfE,2033,ITSA,Natural gas,Thermal,Available on market,51
ERAA 2025 pre-CfE,2033,ITSI,Natural gas,Thermal,Available on market,3665
ERAA 2025 pre-CfE,2033,LT00,Natural gas,Thermal,Available on market,624
ERAA 2025 pre-CfE,2033,LV00,Natural gas,Thermal,Available on market,1051
ERAA 2025 pre-CfE,2033,MD00,Hard coal,Thermal,Available on market,550
ERAA 2025 pre-CfE,2033,MD00,Natural gas,Thermal,Available on market,780
ERAA 2025 pre-CfE,2033,MD00,Natural gas,Thermal,Inelastic supply / fixed profile,409
ERAA 2025 pre-CfE,2033,ME00,Lignite,Thermal,Available on market,225
ERAA 2025 pre-CfE,2033,MK00,Natural gas,Thermal,Available on market,760
ERAA 2025 pre-CfE,2033,MT00,Natural gas,Thermal,Available on market,505
ERAA 2025 pre-CfE,2033,NL00,Biofuel,Thermal,Available on market,2211
ERAA 2025 pre-CfE,2033,NL00,Hard coal,Thermal,Available on market,0
ERAA 2025 pre-CfE,2033,NL00,Natural gas,Thermal,Available on market,13042
ERAA 2025 pre-CfE,2033,NL00,Nuclear,Thermal,Available on market,486
ERAA 2025 pre-CfE,2033,NL00,Natural gas,Thermal,Mothballed,343
ERAA 2025 pre-CfE,2033,NOS2,Natural gas,Thermal,Available on market,14
ERAA 2025 pre-CfE,2033,NOS3,Natural gas,Thermal,Available on market,7
ERAA 2025 pre-CfE,2033,PL00,Hard coal,Thermal,Available on market,8656
ERAA 2025 pre-CfE,2033,PL00,Lignite,Thermal,Available on market,4089
ERAA 2025 pre-CfE,2033,PL00,Natural gas,Thermal,Available on market,8804
ERAA 2025 pre-CfE,2033,PT00,Natural gas,Thermal,Available on market,2839
ERAA 2025 pre-CfE,2033,PT00,Natural gas,Thermal,Inelastic supply / fixed profile,653
ERAA 2025 pre-CfE,2033,RO00,Natural gas,Thermal,Available on market,5567
ERAA 2025 pre-CfE,2033,RO00,Nuclear,Thermal,Available on market,3087
ERAA 2025 pre-CfE,2033,RS00,Lignite,Thermal,Available on market,5050
ERAA 2025 pre-CfE,2033,RS00,Natural gas,Thermal,Available on market,401
ERAA 2025 pre-CfE,2033,SE03,Natural gas,Thermal,Available on market,180
ERAA 2025 pre-CfE,2033,SE03,Nuclear,Thermal,Available on market,6981
ERAA 2025 pre-CfE,2033,SI00,Hard coal,Thermal,Available on market,84
ERAA 2025 pre-CfE,2033,SI00,Lignite,Thermal,Available on market,539
ERAA 2025 pre-CfE,2033,SI00,Natural gas,Thermal,Available on market,986
ERAA 2025 pre-CfE,2033,SI00,Nuclear,Thermal,Available on market,700
ERAA 2025 pre-CfE,2033,SI00,Natural gas,Thermal,Mothballed,58
ERAA 2025 pre-CfE,2033,SK00,Biofuel,Thermal,Available on market,19
ERAA 2025 pre-CfE,2033,SK00,Hard coal,Thermal,Available on market,291
ERAA 2025 pre-CfE,2033,SK00,Heavy oil,Thermal,Available on market,133
ERAA 2025 pre-CfE,2033,SK00,Lignite,Thermal,Available on market,66
ERAA 2025 pre-CfE,2033,SK00,Natural gas,Thermal,Available on market,837
ERAA 2025 pre-CfE,2033,SK00,Nuclear,Thermal,Available on market,2815
ERAA 2025 pre-CfE,2033,SK00,Natural gas,Thermal,Inelastic supply / fixed profile,125
ERAA 2025 pre-CfE,2033,SK00,Light oil,Thermal,Out of market - primary purpose ancillary service,109
ERAA 2025 pre-CfE,2033,SK00,Natural gas,Thermal,Out of market - primary purpose ancillary service,206
ERAA 2025 pre-CfE,2033,UK00,Heavy oil,Thermal,Available on market,108
ERAA 2025 pre-CfE,2033,UK00,Natural gas,Thermal,Available on market,30179
ERAA 2025 pre-CfE,2033,UK00,Nuclear,Thermal,Available on market,4570
ERAA 2025 pre-CfE,2033,UKNI,Biofuel,Thermal,Available on market,18
ERAA 2025 pre-CfE,2033,UKNI,Light oil,Thermal,Available on market,390
ERAA 2025 pre-CfE,2033,UKNI,Lignite,Thermal,Available on market,0
ERAA 2025 pre-CfE,2033,UKNI,Natural gas,Thermal,Available on market,1777
ERAA 2025 pre-CfE,2033,AL00,Wind onshore,Wind,Available on market,700
ERAA 2025 pre-CfE,2033,AT00,Wind onshore,Wind,Available on market,9360
ERAA 2025 pre-CfE,2033,BA00,Wind onshore,Wind,Available on market,1047
ERAA 2025 pre-CfE,2033,BE00,Wind offshore fixed,Wind,Available on market,4360
ERAA 2025 pre-CfE,2033,BE00,Wind onshore,Wind,Available on market,6644
ERAA 2025 pre-CfE,2033,BEO1_OFF,Wind offshore fixed,Wind,Available on market,1400
ERAA 2025 pre-CfE,2033,BG00,Wind offshore fixed,Wind,Available on market,1223
ERAA 2025 pre-CfE,2033,BG00,Wind onshore,Wind,Available on market,2430
ERAA 2025 pre-CfE,2033,CH00,Wind onshore,Wind,Available on market,252
ERAA 2025 pre-CfE,2033,CY00,Wind onshore,Wind,Available on market,170
ERAA 2025 pre-CfE,2033,CZ00,Wind onshore,Wind,Available on market,2079
ERAA 2025 pre-CfE,2033,DE00,Wind offshore fixed,Wind,Available on market,42089
ERAA 2025 pre-CfE,2033,DE00,Wind onshore,Wind,Available on market,129000
ERAA 2025 pre-CfE,2033,DEKF_OFF,Wind offshore fixed,Wind,Available on market,336
ERAA 2025 pre-CfE,2033,DKB2_OFF,Wind offshore fixed,Wind,Available on market,3400
ERAA 2025 pre-CfE,2033,DKE1,Wind offshore fixed,Wind,Available on market,773
ERAA 2025 pre-CfE,2033,DKE1,Wind onshore,Wind,Available on market,964
ERAA 2025 pre-CfE,2033,DKHE_OFF,Wind offshore fixed,Wind,Available on market,1100
ERAA 2025 pre-CfE,2033,DKK2_OFF,Wind offshore fixed,Wind,Available on market,1400
ERAA 2025 pre-CfE,2033,DKKA_OFF,Wind offshore fixed,Wind,Available on market,1100
ERAA 2025 pre-CfE,2033,DKKF_OFF,Wind offshore fixed,Wind,Available on market,605
ERAA 2025 pre-CfE,2033,DKN1_OFF,Wind offshore fixed,Wind,Available on market,4500
ERAA 2025 pre-CfE,2033,DKW1,Wind offshore fixed,Wind,Available on market,2790
ERAA 2025 pre-CfE,2033,DKW1,Wind onshore,Wind,Available on market,6077
ERAA 2025 pre-CfE,2033,EE00,Wind onshore,Wind,Available on market,2882
ERAA 2025 pre-CfE,2033,ES00,Wind onshore,Wind,Available on market,78462
ERAA 2025 pre-CfE,2033,ESA1_OFF,Wind offshore floating,Wind,Available on market,300
ERAA 2025 pre-CfE,2033,ESA2_OFF,Wind offshore floating,Wind,Available on market,400
ERAA 2025 pre-CfE,2033,ESAS_OFF,Wind offshore floating,Wind,Available on market,250
ERAA 2025 pre-CfE,2033,ESC1_OFF,Wind offshore floating,Wind,Available on market,300
ERAA 2025 pre-CfE,2033,ESG1_OFF,Wind offshore floating,Wind,Available on market,1350
ERAA 2025 pre-CfE,2033,ESG2_OFF,Wind offshore floating,Wind,Available on market,200
ERAA 2025 pre-CfE,2033,FI00,Wind offshore fixed,Wind,Available on market,2000
ERAA 2025 pre-CfE,2033,FI00,Wind onshore,Wind,Available on market,26402
ERAA 2025 pre-CfE,2033,FR00,Wind offshore fixed,Wind,Available on market,7230
ERAA 2025 pre-CfE,2033,FR00,Wind offshore floating,Wind,Available on market,2345
ERAA 2025 pre-CfE,2033,FR00,Wind onshore,Wind,Available on market,34740
ERAA 2025 pre-CfE,2033,GR00,Wind offshore floating,Wind,Available on market,1249
ERAA 2025 pre-CfE,2033,GR00,Wind onshore,Wind,Available on market,8400
ERAA 2025 pre-CfE,2033,GR03,Wind offshore floating,Wind,Available on market,200
ERAA 2025 pre-CfE,2033,GR03,Wind onshore,Wind,Available on market,731
ERAA 2025 pre-CfE,2033,HR00,Wind onshore,Wind,Available on market,1551
ERAA 2025 pre-CfE,2033,HU00,Wind onshore,Wind,Available on market,1090
ERAA 2025 pre-CfE,2033,IE00,Wind offshore fixed,Wind,Available on market,3118
ERAA 2025 pre-CfE,2033,IE00,Wind onshore,Wind,Available on market,8350
ERAA 2025 pre-CfE,2033,ITCA,Wind offshore fixed,Wind,Available on market,112
ERAA 2025 pre-CfE,2033,ITCA,Wind onshore,Wind,Available on market,2652
ERAA 2025 pre-CfE,2033,ITCN,Wind offshore fixed,Wind,Available on market,232
ERAA 2025 pre-CfE,2033,ITCN,Wind onshore,Wind,Available on market,306
ERAA 2025 pre-CfE,2033,ITCS,Wind offshore fixed,Wind,Available on market,313
ERAA 2025 pre-CfE,2033,ITCS,Wind onshore,Wind,Available on market,5631
ERAA 2025 pre-CfE,2033,ITN1,Wind offshore fixed,Wind,Available on market,453
ERAA 2025 pre-CfE,2033,ITN1,Wind onshore,Wind,Available on market,481
ERAA 2025 pre-CfE,2033,ITS1,Wind offshore fixed,Wind,Available on market,1421
ERAA 2025 pre-CfE,2033,ITS1,Wind onshore,Wind,Available on market,10967
ERAA 2025 pre-CfE,2033,ITSA,Wind offshore fixed,Wind,Available on market,1089
ERAA 2025 pre-CfE,2033,ITSA,Wind onshore,Wind,Available on market,2728
ERAA 2025 pre-CfE,2033,ITSI,Wind offshore fixed,Wind,Available on market,1091
ERAA 2025 pre-CfE,2033,ITSI,Wind onshore,Wind,Available on market,5052
ERAA 2025 pre-CfE,2033,LT00,Wind onshore,Wind,Available on market,5100
ERAA 2025 pre-CfE,2033,LTH1_OFF,Wind offshore fixed,Wind,Available on market,1400
ERAA 2025 pre-CfE,2033,LUG1,Wind onshore,Wind,Available on market,515
ERAA 2025 pre-CfE,2033,LV00,Wind onshore,Wind,Available on market,580
ERAA 2025 pre-CfE,2033,MD00,Wind onshore,Wind,Available on market,784
ERAA 2025 pre-CfE,2033,ME00,Wind onshore,Wind,Available on market,313
ERAA 2025 pre-CfE,2033,MK00,Wind onshore,Wind,Available on market,274
ERAA 2025 pre-CfE,2033,MT00,Wind offshore floating,Wind,Available on market,300
ERAA 2025 pre-CfE,2033,NL00,Wind offshore fixed,Wind,Available on market,18874
ERAA 2025 pre-CfE,2033,NL00,Wind onshore,Wind,Available on market,8842
ERAA 2025 pre-CfE,2033,NL0J_OFF,Wind offshore fixed,Wind,Available on market,2000
ERAA 2025 pre-CfE,2033,NL0U_OFF,Wind offshore fixed,Wind,Available on market,700
ERAA 2025 pre-CfE,2033,NLLL_OFF,Wind offshore fixed,Wind,Available on market,2000
ERAA 2025 pre-CfE,2033,NOM1,Wind onshore,Wind,Available on market,2211
ERAA 2025 pre-CfE,2033,NON1,Wind onshore,Wind,Available on market,1160
ERAA 2025 pre-CfE,2033,NOS1,Wind onshore,Wind,Available on market,406
ERAA 2025 pre-CfE,2033,NOS2,Wind onshore,Wind,Available on market,1273
ERAA 2025 pre-CfE,2033,NOS3,Wind onshore,Wind,Available on market,160
ERAA 2025 pre-CfE,2033,PL00,Wind offshore fixed,Wind,Available on market,9711
ERAA 2025 pre-CfE,2033,PL00,Wind onshore,Wind,Available on market,21437
ERAA 2025 pre-CfE,2033,PT00,Wind offshore floating,Wind,Available on market,4000
ERAA 2025 pre-CfE,2033,PT00,Wind onshore,Wind,Available on market,10188
ERAA 2025 pre-CfE,2033,RO00,Wind onshore,Wind,Available on market,7400
ERAA 2025 pre-CfE,2033,RS00,Wind onshore,Wind,Available on market,6531
ERAA 2025 pre-CfE,2033,SE01,Wind onshore,Wind,Available on market,5337
ERAA 2025 pre-CfE,2033,SE02,Wind onshore,Wind,Available on market,8707
ERAA 2025 pre-CfE,2033,SE03,Wind offshore fixed,Wind,Available on market,633
ERAA 2025 pre-CfE,2033,SE03,Wind onshore,Wind,Available on market,5629
ERAA 2025 pre-CfE,2033,SE04,Wind offshore fixed,Wind,Available on market,951
ERAA 2025 pre-CfE,2033,SE04,Wind onshore,Wind,Available on market,2725
ERAA 2025 pre-CfE,2033,SI00,Wind onshore,Wind,Inelastic supply / fixed profile,170
ERAA 2025 pre-CfE,2033,SK00,Wind onshore,Wind,Available on market,750
ERAA 2025 pre-CfE,2033,UK00,Wind offshore fixed,Wind,Available on market,62679
ERAA 2025 pre-CfE,2033,UK00,Wind offshore floating,Wind,Available on market,400
ERAA 2025 pre-CfE,2033,UK00,Wind onshore,Wind,Available on market,28536
ERAA 2025 pre-CfE,2033,UKNI,Wind offshore fixed,Wind,Available on market,500
ERAA 2025 pre-CfE,2033,UKNI,Wind onshore,Wind,Available on market,2510
ERAA 2025 pre-CfE,2035,AL00,EV - iDSR,DSR,Available on market,0
ERAA 2025 pre-CfE,2035,AL00,HP - iDSR,DSR,Available on market,0
ERAA 2025 pre-CfE,2035,AT00,DSR,DSR,Available on market,800
ERAA 2025 pre-CfE,2035,AT00,EV - iDSR,DSR,Available on market,0
ERAA 2025 pre-CfE,2035,AT00,HP - iDSR,DSR,Available on market,0
ERAA 2025 pre-CfE,2035,BA00,EV - iDSR,DSR,Available on market,0
ERAA 2025 pre-CfE,2035,BA00,HP - iDSR,DSR,Available on market,0
ERAA 2025 pre-CfE,2035,BE00,DSR,DSR,Available on market,2424
ERAA 2025 pre-CfE,2035,BE00,EV - iDSR,DSR,Available on market,602
ERAA 2025 pre-CfE,2035,BE00,HP - iDSR,DSR,Available on market,213
ERAA 2025 pre-CfE,2035,BG00,EV - iDSR,DSR,Available on market,0
ERAA 2025 pre-CfE,2035,BG00,HP - iDSR,DSR,Available on market,0
ERAA 2025 pre-CfE,2035,CH00,EV - iDSR,DSR,Available on market,2302
ERAA 2025 pre-CfE,2035,CH00,HP - iDSR,DSR,Available on market,10558
ERAA 2025 pre-CfE,2035,CY00,EV - iDSR,DSR,Available on market,0
ERAA 2025 pre-CfE,2035,CY00,HP - iDSR,DSR,Available on market,0
ERAA 2025 pre-CfE,2035,CZ00,DSR,DSR,Available on market,190
ERAA 2025 pre-CfE,2035,CZ00,EV - iDSR,DSR,Available on market,0
ERAA 2025 pre-CfE,2035,CZ00,HP - iDSR,DSR,Available on market,0
ERAA 2025 pre-CfE,2035,DE00,DSR,DSR,Available on market,6402
ERAA 2025 pre-CfE,2035,DE00,EV - iDSR,DSR,Available on market,22389
ERAA 2025 pre-CfE,2035,DE00,HP - iDSR,DSR,Available on market,2435
ERAA 2025 pre-CfE,2035,DKE1,DSR,DSR,Available on market,1922
ERAA 2025 pre-CfE,2035,DKE1,EV - iDSR,DSR,Available on market,0
ERAA 2025 pre-CfE,2035,DKE1,HP - iDSR,DSR,Available on market,0
ERAA 2025 pre-CfE,2035,DKW1,DSR,DSR,Available on market,3058
ERAA 2025 pre-CfE,2035,DKW1,EV - iDSR,DSR,Available on market,0
ERAA 2025 pre-CfE,2035,DKW1,HP - iDSR,DSR,Available on market,0
ERAA 2025 pre-CfE,2035,EE00,DSR,DSR,Available on market,260
ERAA 2025 pre-CfE,2035,EE00,EV - iDSR,DSR,Available on market,0
ERAA 2025 pre-CfE,2035,EE00,HP - iDSR,DSR,Available on market,0
ERAA 2025 pre-CfE,2035,ES00,EV - iDSR,DSR,Available on market,0
ERAA 2025 pre-CfE,2035,ES00,HP - iDSR,DSR,Available on market,0
ERAA 2025 pre-CfE,2035,ES00,DSR,DSR,Out of market - primary purpose ancillary service,1148
ERAA 2025 pre-CfE,2035,FI00,DSR,DSR,Available on market,2490
ERAA 2025 pre-CfE,2035,FI00,EV - iDSR,DSR,Available on market,7715
ERAA 2025 pre-CfE,2035,FI00,HP - iDSR,DSR,Available on market,615
ERAA 2025 pre-CfE,2035,FR00,DSR,DSR,Available on market,6600
ERAA 2025 pre-CfE,2035,FR00,EV - iDSR,DSR,Available on market,441
ERAA 2025 pre-CfE,2035,FR00,HP - iDSR,DSR,Available on market,0
ERAA 2025 pre-CfE,2035,GR00,DSR,DSR,Available on market,350
ERAA 2025 pre-CfE,2035,GR00,EV - iDSR,DSR,Available on market,0
ERAA 2025 pre-CfE,2035,GR00,HP - iDSR,DSR,Available on market,0
ERAA 2025 pre-CfE,2035,GR03,EV - iDSR,DSR,Available on market,0
ERAA 2025 pre-CfE,2035,GR03,HP - iDSR,DSR,Available on market,0
ERAA 2025 pre-CfE,2035,HR00,DSR,DSR,Available on market,87
ERAA 2025 pre-CfE,2035,HR00,EV - iDSR,DSR,Available on market,0
ERAA 2025 pre-CfE,2035,HR00,HP - iDSR,DSR,Available on market,0
ERAA 2025 pre-CfE,2035,HU00,EV - iDSR,DSR,Available on market,0
ERAA 2025 pre-CfE,2035,HU00,HP - iDSR,DSR,Available on market,0
ERAA 2025 pre-CfE,2035,IE00,DSR,DSR,Available on market,860
ERAA 2025 pre-CfE,2035,IE00,EV - iDSR,DSR,Available on market,0
ERAA 2025 pre-CfE,2035,IE00,HP - iDSR,DSR,Available on market,0
ERAA 2025 pre-CfE,2035,ITCA,DSR,DSR,Available on market,37
ERAA 2025 pre-CfE,2035,ITCA,EV - iDSR,DSR,Available on market,0
ERAA 2025 pre-CfE,2035,ITCA,HP - iDSR,DSR,Available on market,0
ERAA 2025 pre-CfE,2035,ITCN,DSR,DSR,Available on market,189
ERAA 2025 pre-CfE,2035,ITCN,EV - iDSR,DSR,Available on market,0
ERAA 2025 pre-CfE,2035,ITCN,HP - iDSR,DSR,Available on market,0
ERAA 2025 pre-CfE,2035,ITCS,DSR,DSR,Available on market,192
ERAA 2025 pre-CfE,2035,ITCS,EV - iDSR,DSR,Available on market,0
ERAA 2025 pre-CfE,2035,ITCS,HP - iDSR,DSR,Available on market,0
ERAA 2025 pre-CfE,2035,ITN1,DSR,DSR,Available on market,1429
ERAA 2025 pre-CfE,2035,ITN1,EV - iDSR,DSR,Available on market,0
ERAA 2025 pre-CfE,2035,ITN1,HP - iDSR,DSR,Available on market,0
ERAA 2025 pre-CfE,2035,ITS1,DSR,DSR,Available on market,100
ERAA 2025 pre-CfE,2035,ITS1,EV - iDSR,DSR,Available on market,0
ERAA 2025 pre-CfE,2035,ITS1,HP - iDSR,DSR,Available on market,0
ERAA 2025 pre-CfE,2035,ITSA,DSR,DSR,Available on market,10
ERAA 2025 pre-CfE,2035,ITSA,EV - iDSR,DSR,Available on market,0
ERAA 2025 pre-CfE,2035,ITSA,HP - iDSR,DSR,Available on market,0
ERAA 2025 pre-CfE,2035,ITSI,DSR,DSR,Available on market,44
ERAA 2025 pre-CfE,2035,ITSI,EV - iDSR,DSR,Available on market,0
ERAA 2025 pre-CfE,2035,ITSI,HP - iDSR,DSR,Available on market,0
ERAA 2025 pre-CfE,2035,LT00,DSR,DSR,Available on market,40
ERAA 2025 pre-CfE,2035,LT00,EV - iDSR,DSR,Available on market,0
ERAA 2025 pre-CfE,2035,LT00,HP - iDSR,DSR,Available on market,0
ERAA 2025 pre-CfE,2035,LUG1,EV - iDSR,DSR,Available on market,0
ERAA 2025 pre-CfE,2035,LUG1,HP - iDSR,DSR,Available on market,0
ERAA 2025 pre-CfE,2035,LV00,DSR,DSR,Available on market,150
ERAA 2025 pre-CfE,2035,LV00,EV - iDSR,DSR,Available on market,0
ERAA 2025 pre-CfE,2035,LV00,HP - iDSR,DSR,Available on market,0
ERAA 2025 pre-CfE,2035,MD00,EV - iDSR,DSR,Available on market,55
ERAA 2025 pre-CfE,2035,MD00,HP - iDSR,DSR,Available on market,0
ERAA 2025 pre-CfE,2035,ME00,EV - iDSR,DSR,Available on market,0
ERAA 2025 pre-CfE,2035,ME00,HP - iDSR,DSR,Available on market,0
ERAA 2025 pre-CfE,2035,MK00,EV - iDSR,DSR,Available on market,0
ERAA 2025 pre-CfE,2035,MK00,HP - iDSR,DSR,Available on market,0
ERAA 2025 pre-CfE,2035,MT00,EV - iDSR,DSR,Available on market,0
ERAA 2025 pre-CfE,2035,MT00,HP - iDSR,DSR,Available on market,0
ERAA 2025 pre-CfE,2035,NL00,DSR,DSR,Available on market,1928
ERAA 2025 pre-CfE,2035,NL00,EV - iDSR,DSR,Available on market,0
ERAA 2025 pre-CfE,2035,NL00,HP - iDSR,DSR,Available on market,0
ERAA 2025 pre-CfE,2035,NOM1,EV - iDSR,DSR,Available on market,0
ERAA 2025 pre-CfE,2035,NOM1,HP - iDSR,DSR,Available on market,0
ERAA 2025 pre-CfE,2035,NON1,EV - iDSR,DSR,Available on market,0
ERAA 2025 pre-CfE,2035,NON1,HP - iDSR,DSR,Available on market,0
ERAA 2025 pre-CfE,2035,NOS1,EV - iDSR,DSR,Available on market,0
ERAA 2025 pre-CfE,2035,NOS1,HP - iDSR,DSR,Available on market,0
ERAA 2025 pre-CfE,2035,NOS2,EV - iDSR,DSR,Available on market,0
ERAA 2025 pre-CfE,2035,NOS2,HP - iDSR,DSR,Available on market,0
ERAA 2025 pre-CfE,2035,NOS3,EV - iDSR,DSR,Available on market,0
ERAA 2025 pre-CfE,2035,NOS3,HP - iDSR,DSR,Available on market,0
ERAA 2025 pre-CfE,2035,PL00,EV - iDSR,DSR,Available on market,0
ERAA 2025 pre-CfE,2035,PL00,HP - iDSR,DSR,Available on market,0
ERAA 2025 pre-CfE,2035,PT00,EV - iDSR,DSR,Available on market,0
ERAA 2025 pre-CfE,2035,PT00,HP - iDSR,DSR,Available on market,0
ERAA 2025 pre-CfE,2035,RO00,EV - iDSR,DSR,Available on market,0
ERAA 2025 pre-CfE,2035,RO00,HP - iDSR,DSR,Available on market,0
ERAA 2025 pre-CfE,2035,RS00,EV - iDSR,DSR,Available on market,0
ERAA 2025 pre-CfE,2035,RS00,HP - iDSR,DSR,Available on market,0
ERAA 2025 pre-CfE,2035,SE01,DSR,DSR,Available on market,363
ERAA 2025 pre-CfE,2035,SE01,EV - iDSR,DSR,Available on market,0
ERAA 2025 pre-CfE,2035,SE01,HP - iDSR,DSR,Available on market,0
ERAA 2025 pre-CfE,2035,SE02,DSR,DSR,Available on market,519
ERAA 2025 pre-CfE,2035,SE02,EV - iDSR,DSR,Available on market,0
ERAA 2025 pre-CfE,2035,SE02,HP - iDSR,DSR,Available on market,0
ERAA 2025 pre-CfE,2035,SE03,DSR,DSR,Available on market,2785
ERAA 2025 pre-CfE,2035,SE03,EV - iDSR,DSR,Available on market,0
ERAA 2025 pre-CfE,2035,SE03,HP - iDSR,DSR,Available on market,0
ERAA 2025 pre-CfE,2035,SE04,DSR,DSR,Available on market,798
ERAA 2025 pre-CfE,2035,SE04,EV - iDSR,DSR,Available on market,0
ERAA 2025 pre-CfE,2035,SE04,HP - iDSR,DSR,Available on market,0
ERAA 2025 pre-CfE,2035,SI00,DSR,DSR,Available on market,60
ERAA 2025 pre-CfE,2035,SI00,EV - iDSR,DSR,Available on market,0
ERAA 2025 pre-CfE,2035,SI00,HP - iDSR,DSR,Available on market,0
ERAA 2025 pre-CfE,2035,SK00,EV - iDSR,DSR,Available on market,0
ERAA 2025 pre-CfE,2035,SK00,HP - iDSR,DSR,Available on market,0
ERAA 2025 pre-CfE,2035,UK00,DSR,DSR,Available on market,12755
ERAA 2025 pre-CfE,2035,UKNI,DSR,DSR,Available on market,170
ERAA 2025 pre-CfE,2035,UKNI,EV - iDSR,DSR,Available on market,0
ERAA 2025 pre-CfE,2035,UKNI,HP - iDSR,DSR,Available on market,0
ERAA 2025 pre-CfE,2035,AL00,Reservoir,Hydro,Available on market,2032
ERAA 2025 pre-CfE,2035,AL00,Run of river,Hydro,Available on market,535
ERAA 2025 pre-CfE,2035,AT00,Closed loop pumping,Hydro,Available on market,300
ERAA 2025 pre-CfE,2035,AT00,Open loop pumping,Hydro,Available on market,7242
ERAA 2025 pre-CfE,2035,AT00,Pondage,Hydro,Available on market,1150
ERAA 2025 pre-CfE,2035,AT00,Reservoir,Hydro,Available on market,2559
ERAA 2025 pre-CfE,2035,AT00,Run of river,Hydro,Available on market,5415
ERAA 2025 pre-CfE,2035,BA00,Pondage,Hydro,Available on market,35
ERAA 2025 pre-CfE,2035,BA00,Reservoir,Hydro,Available on market,160
ERAA 2025 pre-CfE,2035,BA00,Run of river,Hydro,Available on market,32
ERAA 2025 pre-CfE,2035,BA00,Open loop pumping,Hydro,Out of market - primary purpose ancillary service,440
ERAA 2025 pre-CfE,2035,BA00,Pondage,Hydro,Out of market - primary purpose ancillary service,193
ERAA 2025 pre-CfE,2035,BA00,Reservoir,Hydro,Out of market - primary purpose ancillary service,1456
ERAA 2025 pre-CfE,2035,BE00,Closed loop pumping,Hydro,Available on market,1305
ERAA 2025 pre-CfE,2035,BE00,Run of river,Hydro,Available on market,162
ERAA 2025 pre-CfE,2035,BG00,Closed loop pumping,Hydro,Available on market,864
ERAA 2025 pre-CfE,2035,BG00,Open loop pumping,Hydro,Available on market,935
ERAA 2025 pre-CfE,2035,BG00,Reservoir,Hydro,Available on market,1281
ERAA 2025 pre-CfE,2035,BG00,Run of river,Hydro,Available on market,536
ERAA 2025 pre-CfE,2035,CH00,Closed loop pumping,Hydro,Available on market,1900
ERAA 2025 pre-CfE,2035,CH00,Open loop pumping,Hydro,Available on market,3290
ERAA 2025 pre-CfE,2035,CH00,Reservoir,Hydro,Available on market,8730
ERAA 2025 pre-CfE,2035,CH00,Run of river,Hydro,Available on market,4263
ERAA 2025 pre-CfE,2035,CY00,Closed loop pumping,Hydro,Available on market,80
ERAA 2025 pre-CfE,2035,CZ00,Closed loop pumping,Hydro,Available on market,678
ERAA 2025 pre-CfE,2035,CZ00,Open loop pumping,Hydro,Available on market,654
ERAA 2025 pre-CfE,2035,CZ00,Reservoir,Hydro,Available on market,520
ERAA 2025 pre-CfE,2035,CZ00,Run of river,Hydro,Available on market,415
ERAA 2025 pre-CfE,2035,DE00,Closed loop pumping,Hydro,Available on market,7293
ERAA 2025 pre-CfE,2035,DE00,Open loop pumping,Hydro,Available on market,2232
ERAA 2025 pre-CfE,2035,DE00,Reservoir,Hydro,Available on market,1008
ERAA 2025 pre-CfE,2035,DE00,Run of river,Hydro,Available on market,3934
ERAA 2025 pre-CfE,2035,ES00,Closed loop pumping,Hydro,Available on market,7161
ERAA 2025 pre-CfE,2035,ES00,Open loop pumping,Hydro,Available on market,3157
ERAA 2025 pre-CfE,2035,ES00,Reservoir,Hydro,Available on market,11536
ERAA 2025 pre-CfE,2035,ES00,Run of river,Hydro,Available on market,3118
ERAA 2025 pre-CfE,2035,FI00,Reservoir,Hydro,Available on market,3237
ERAA 2025 pre-CfE,2035,FR00,Closed loop pumping,Hydro,Available on market,1950
ERAA 2025 pre-CfE,2035,FR00,Open loop pumping,Hydro,Available on market,2350
ERAA 2025 pre-CfE,2035,FR00,Reservoir,Hydro,Available on market,9849
ERAA 2025 pre-CfE,2035,FR00,Run of river,Hydro,Available on market,13600
ERAA 2025 pre-CfE,2035,GR00,Closed loop pumping,Hydro,Available on market,1150
ERAA 2025 pre-CfE,2035,GR00,Open loop pumping,Hydro,Available on market,699
ERAA 2025 pre-CfE,2035,GR00,Pondage,Hydro,Available on market,22
ERAA 2025 pre-CfE,2035,GR00,Reservoir,Hydro,Available on market,3482
ERAA 2025 pre-CfE,2035,GR00,Run of river,Hydro,Available on market,367
ERAA 2025 pre-CfE,2035,HR00,Open loop pumping,Hydro,Available on market,282
ERAA 2025 pre-CfE,2035,HR00,Pondage,Hydro,Available on market,313
ERAA 2025 pre-CfE,2035,HR00,Reservoir,Hydro,Available on market,1423
ERAA 2025 pre-CfE,2035,HR00,Run of river,Hydro,Available on market,65
ERAA 2025 pre-CfE,2035,HU00,Run of river,Hydro,Available on market,63
ERAA 2025 pre-CfE,2035,IE00,Closed loop pumping,Hydro,Available on market,292
ERAA 2025 pre-CfE,2035,IE00,Run of river,Hydro,Available on market,215
ERAA 2025 pre-CfE,2035,ITCA,Reservoir,Hydro,Available on market,699
ERAA 2025 pre-CfE,2035,ITCA,Run of river,Hydro,Available on market,118
ERAA 2025 pre-CfE,2035,ITCN,Reservoir,Hydro,Available on market,374
ERAA 2025 pre-CfE,2035,ITCN,Run of river,Hydro,Available on market,308
ERAA 2025 pre-CfE,2035,ITCS,Closed loop pumping,Hydro,Available on market,985
ERAA 2025 pre-CfE,2035,ITCS,Open loop pumping,Hydro,Available on market,742
ERAA 2025 pre-CfE,2035,ITCS,Reservoir,Hydro,Available on market,961
ERAA 2025 pre-CfE,2035,ITCS,Run of river,Hydro,Available on market,680
ERAA 2025 pre-CfE,2035,ITN1,Closed loop pumping,Hydro,Available on market,2380
ERAA 2025 pre-CfE,2035,ITN1,Open loop pumping,Hydro,Available on market,2755
ERAA 2025 pre-CfE,2035,ITN1,Reservoir,Hydro,Available on market,6075
ERAA 2025 pre-CfE,2035,ITN1,Run of river,Hydro,Available on market,5663
ERAA 2025 pre-CfE,2035,ITS1,Reservoir,Hydro,Available on market,177
ERAA 2025 pre-CfE,2035,ITS1,Run of river,Hydro,Available on market,53
ERAA 2025 pre-CfE,2035,ITSA,Closed loop pumping,Hydro,Available on market,240
ERAA 2025 pre-CfE,2035,ITSA,Reservoir,Hydro,Available on market,142
ERAA 2025 pre-CfE,2035,ITSA,Run of river,Hydro,Available on market,77
ERAA 2025 pre-CfE,2035,ITSI,Closed loop pumping,Hydro,Available on market,500
ERAA 2025 pre-CfE,2035,ITSI,Open loop pumping,Hydro,Available on market,80
ERAA 2025 pre-CfE,2035,ITSI,Run of river,Hydro,Available on market,129
ERAA 2025 pre-CfE,2035,LT00,Closed loop pumping,Hydro,Available on market,938
ERAA 2025 pre-CfE,2035,LT00,Run of river,Hydro,Available on market,127
ERAA 2025 pre-CfE,2035,LUG1,Run of river,Hydro,Available on market,27
ERAA 2025 pre-CfE,2035,LUV1,Closed loop pumping,Hydro,Available on market,1300
ERAA 2025 pre-CfE,2035,LV00,Pondage,Hydro,Available on market,1592
ERAA 2025 pre-CfE,2035,MD00,Run of river,Hydro,Available on market,17
ERAA 2025 pre-CfE,2035,MD00,Run of river,Hydro,Inelastic supply / fixed profile,48
ERAA 2025 pre-CfE,2035,ME00,Reservoir,Hydro,Available on market,706
ERAA 2025 pre-CfE,2035,ME00,Run of river,Hydro,Available on market,581
ERAA 2025 pre-CfE,2035,MK00,Open loop pumping,Hydro,Available on market,333
ERAA 2025 pre-CfE,2035,MK00,Reservoir,Hydro,Available on market,539
ERAA 2025 pre-CfE,2035,MK00,Run of river,Hydro,Available on market,231
ERAA 2025 pre-CfE,2035,NL00,Run of river,Hydro,Inelastic supply / fixed profile,37
ERAA 2025 pre-CfE,2035,NOM1,Open loop pumping,Hydro,Available on market,66
ERAA 2025 pre-CfE,2035,NOM1,Reservoir,Hydro,Available on market,3473
ERAA 2025 pre-CfE,2035,NOM1,Run of river,Hydro,Available on market,1867
ERAA 2025 pre-CfE,2035,NON1,Open loop pumping,Hydro,Available on market,4
ERAA 2025 pre-CfE,2035,NON1,Reservoir,Hydro,Available on market,5002
ERAA 2025 pre-CfE,2035,NON1,Run of river,Hydro,Available on market,721
ERAA 2025 pre-CfE,2035,NOS1,Open loop pumping,Hydro,Available on market,3
ERAA 2025 pre-CfE,2035,NOS1,Reservoir,Hydro,Available on market,5745
ERAA 2025 pre-CfE,2035,NOS1,Run of river,Hydro,Available on market,7208
ERAA 2025 pre-CfE,2035,NOS2,Open loop pumping,Hydro,Available on market,249
ERAA 2025 pre-CfE,2035,NOS2,Reservoir,Hydro,Available on market,8431
ERAA 2025 pre-CfE,2035,NOS2,Run of river,Hydro,Available on market,5395
ERAA 2025 pre-CfE,2035,NOS3,Open loop pumping,Hydro,Available on market,419
ERAA 2025 pre-CfE,2035,NOS3,Reservoir,Hydro,Available on market,5707
ERAA 2025 pre-CfE,2035,NOS3,Run of river,Hydro,Available on market,712
ERAA 2025 pre-CfE,2035,PL00,Closed loop pumping,Hydro,Available on market,1279
ERAA 2025 pre-CfE,2035,PL00,Open loop pumping,Hydro,Available on market,118
ERAA 2025 pre-CfE,2035,PL00,Reservoir,Hydro,Available on market,425
ERAA 2025 pre-CfE,2035,PL00,Run of river,Hydro,Inelastic supply / fixed profile,524
ERAA 2025 pre-CfE,2035,PT00,Marine,Hydro,Available on market,201
ERAA 2025 pre-CfE,2035,PT00,Open loop pumping,Hydro,Available on market,4469
ERAA 2025 pre-CfE,2035,PT00,Pondage,Hydro,Available on market,280
ERAA 2025 pre-CfE,2035,PT00,Reservoir,Hydro,Available on market,3136
ERAA 2025 pre-CfE,2035,PT00,Run of river,Hydro,Available on market,508
ERAA 2025 pre-CfE,2035,RO00,Pondage,Hydro,Available on market,390
ERAA 2025 pre-CfE,2035,RO00,Reservoir,Hydro,Available on market,2695
ERAA 2025 pre-CfE,2035,RO00,Run of river,Hydro,Available on market,3437
ERAA 2025 pre-CfE,2035,RO00,Run of river,Hydro,Mothballed,16
ERAA 2025 pre-CfE,2035,RS00,Closed loop pumping,Hydro,Available on market,1270
ERAA 2025 pre-CfE,2035,RS00,Reservoir,Hydro,Available on market,435
ERAA 2025 pre-CfE,2035,RS00,Run of river,Hydro,Available on market,2071
ERAA 2025 pre-CfE,2035,SE01,Reservoir,Hydro,Available on market,5444
ERAA 2025 pre-CfE,2035,SE02,Reservoir,Hydro,Available on market,7650
ERAA 2025 pre-CfE,2035,SE03,Reservoir,Hydro,Available on market,2286
ERAA 2025 pre-CfE,2035,SE04,Reservoir,Hydro,Available on market,237
ERAA 2025 pre-CfE,2035,SI00,Open loop pumping,Hydro,Available on market,730
ERAA 2025 pre-CfE,2035,SI00,Pondage,Hydro,Available on market,1052
ERAA 2025 pre-CfE,2035,SI00,Reservoir,Hydro,Available on market,21
ERAA 2025 pre-CfE,2035,SI00,Run of river,Hydro,Inelastic supply / fixed profile,143
ERAA 2025 pre-CfE,2035,SK00,Closed loop pumping,Hydro,Available on market,744
ERAA 2025 pre-CfE,2035,SK00,Open loop pumping,Hydro,Available on market,276
ERAA 2025 pre-CfE,2035,SK00,Pondage,Hydro,Available on market,203
ERAA 2025 pre-CfE,2035,SK00,Reservoir,Hydro,Available on market,21
ERAA 2025 pre-CfE,2035,SK00,Run of river,Hydro,Available on market,1423
ERAA 2025 pre-CfE,2035,UK00,Closed loop pumping,Hydro,Available on market,4116
ERAA 2025 pre-CfE,2035,UK00,Marine,Hydro,Available on market,422
ERAA 2025 pre-CfE,2035,UK00,Run of river,Hydro,Available on market,2009
ERAA 2025 pre-CfE,2035,UKNI,Run of river,Hydro,Available on market,6
ERAA 2025 pre-CfE,2035,AT00,Small biomass,Others RES,Available on market,659
ERAA 2025 pre-CfE,2035,AT00,Waste,Others RES,Available on market,108
ERAA 2025 pre-CfE,2035,BE00,Small biomass,Others RES,Available on market,567
ERAA 2025 pre-CfE,2035,BE00,Waste,Others RES,Available on market,30
ERAA 2025 pre-CfE,2035,BG00,Small biomass,Others RES,Available on market,166
ERAA 2025 pre-CfE,2035,CH00,Geothermal,Others RES,Available on market,10
ERAA 2025 pre-CfE,2035,CH00,Small biomass,Others RES,Available on market,69
ERAA 2025 pre-CfE,2035,CH00,Waste,Others RES,Available on market,220
ERAA 2025 pre-CfE,2035,CY00,Waste,Others RES,Available on market,50
ERAA 2025 pre-CfE,2035,CZ00,Small biomass,Others RES,Available on market,834
ERAA 2025 pre-CfE,2035,CZ00,Waste,Others RES,Available on market,286
ERAA 2025 pre-CfE,2035,DE00,Small biomass,Others RES,Inelastic supply / fixed profile,8500
ERAA 2025 pre-CfE,2035,DE00,Waste,Others RES,Inelastic supply / fixed profile,1938
ERAA 2025 pre-CfE,2035,EE00,Small biomass,Others RES,Available on market,119
ERAA 2025 pre-CfE,2035,EE00,Waste,Others RES,Available on market,17
ERAA 2025 pre-CfE,2035,ES00,Small biomass,Others RES,Available on market,1963
ERAA 2025 pre-CfE,2035,FI00,Small biomass,Others RES,Available on market,1565
ERAA 2025 pre-CfE,2035,FI00,Waste,Others RES,Available on market,153
ERAA 2025 pre-CfE,2035,FR00,Small biomass,Others RES,Available on market,1490
ERAA 2025 pre-CfE,2035,FR00,Waste,Others RES,Available on market,449
ERAA 2025 pre-CfE,2035,GR00,Small biomass,Others RES,Available on market,76
ERAA 2025 pre-CfE,2035,GR03,Small biomass,Others RES,Available on market,3
ERAA 2025 pre-CfE,2035,HR00,Geothermal,Others RES,Available on market,20
ERAA 2025 pre-CfE,2035,HR00,Small biomass,Others RES,Available on market,99
ERAA 2025 pre-CfE,2035,HU00,Geothermal,Others RES,Available on market,116
ERAA 2025 pre-CfE,2035,HU00,Small biomass,Others RES,Available on market,157
ERAA 2025 pre-CfE,2035,HU00,Waste,Others RES,Available on market,37
ERAA 2025 pre-CfE,2035,IE00,Small biomass,Others RES,Available on market,31
ERAA 2025 pre-CfE,2035,IE00,Waste,Others RES,Available on market,78
ERAA 2025 pre-CfE,2035,ITCA,Small biomass,Others RES,Available on market,172
ERAA 2025 pre-CfE,2035,ITCA,Waste,Others RES,Available on market,21
ERAA 2025 pre-CfE,2035,ITCN,Geothermal,Others RES,Available on market,1000
ERAA 2025 pre-CfE,2035,ITCN,Small biomass,Others RES,Available on market,135
ERAA 2025 pre-CfE,2035,ITCN,Waste,Others RES,Available on market,32
ERAA 2025 pre-CfE,2035,ITCS,Small biomass,Others RES,Available on market,278
ERAA 2025 pre-CfE,2035,ITCS,Waste,Others RES,Available on market,180
ERAA 2025 pre-CfE,2035,ITN1,Small biomass,Others RES,Available on market,1219
ERAA 2025 pre-CfE,2035,ITN1,Waste,Others RES,Available on market,512
ERAA 2025 pre-CfE,2035,ITS1,Small biomass,Others RES,Available on market,377
ERAA 2025 pre-CfE,2035,ITS1,Waste,Others RES,Available on market,50
ERAA 2025 pre-CfE,2035,ITSA,Small biomass,Others RES,Available on market,94
ERAA 2025 pre-CfE,2035,ITSA,Waste,Others RES,Available on market,24
ERAA 2025 pre-CfE,2035,ITSI,Small biomass,Others RES,Available on market,94
ERAA 2025 pre-CfE,2035,ITSI,Waste,Others RES,Available on market,8
ERAA 2025 pre-CfE,2035,LT00,Small biomass,Others RES,Available on market,150
ERAA 2025 pre-CfE,2035,LT00,Waste,Others RES,Available on market,60
ERAA 2025 pre-CfE,2035,LUG1,Small biomass,Others RES,Available on market,111
ERAA 2025 pre-CfE,2035,LV00,Small biomass,Others RES,Available on market,166
ERAA 2025 pre-CfE,2035,MD00,Small biomass,Others RES,Available on market,3
ERAA 2025 pre-CfE,2035,MK00,Small biomass,Others RES,Available on market,31
ERAA 2025 pre-CfE,2035,NL00,Small biomass,Others RES,Available on market,350
ERAA 2025 pre-CfE,2035,NL00,Small biomass,Others RES,Inelastic supply / fixed profile,314
ERAA 2025 pre-CfE,2035,NL00,Waste,Others RES,Inelastic supply / fixed profile,540
ERAA 2025 pre-CfE,2035,NOM1,Small biomass,Others RES,Available on market,54
ERAA 2025 pre-CfE,2035,NOM1,Waste,Others RES,Available on market,6
ERAA 2025 pre-CfE,2035,NON1,Small biomass,Others RES,Available on market,76
ERAA 2025 pre-CfE,2035,NOS1,Small biomass,Others RES,Available on market,2
ERAA 2025 pre-CfE,2035,NOS1,Waste,Others RES,Available on market,26
ERAA 2025 pre-CfE,2035,NOS2,Waste,Others RES,Available on market,22
ERAA 2025 pre-CfE,2035,NOS3,Small biomass,Others RES,Available on market,11
ERAA 2025 pre-CfE,2035,NOS3,Waste,Others RES,Available on market,11
ERAA 2025 pre-CfE,2035,PL00,Small biomass,Others RES,Inelastic supply / fixed profile,1642
ERAA 2025 pre-CfE,2035,PL00,Waste,Others RES,Inelastic supply / fixed profile,128
ERAA 2025 pre-CfE,2035,PT00,Small biomass,Others RES,Available on market,1290
ERAA 2025 pre-CfE,2035,PT00,Waste,Others RES,Available on market,89
ERAA 2025 pre-CfE,2035,RO00,Small biomass,Others RES,Available on market,200
ERAA 2025 pre-CfE,2035,RS00,Waste,Others RES,Available on market,30
ERAA 2025 pre-CfE,2035,SE01,Small biomass,Others RES,Available on market,179
ERAA 2025 pre-CfE,2035,SE01,Waste,Others RES,Available on market,15
ERAA 2025 pre-CfE,2035,SE02,Small biomass,Others RES,Available on market,746
ERAA 2025 pre-CfE,2035,SE02,Waste,Others RES,Available on market,19
ERAA 2025 pre-CfE,2035,SE03,Small biomass,Others RES,Available on market,1902
ERAA 2025 pre-CfE,2035,SE03,Waste,Others RES,Available on market,343
ERAA 2025 pre-CfE,2035,SE04,Small biomass,Others RES,Available on market,661
ERAA 2025 pre-CfE,2035,SE04,Waste,Others RES,Available on market,73
ERAA 2025 pre-CfE,2035,SI00,Small biomass,Others RES,Inelastic supply / fixed profile,70
ERAA 2025 pre-CfE,2035,SK00,Geothermal,Others RES,Inelastic supply / fixed profile,12
ERAA 2025 pre-CfE,2035,SK00,Small biomass,Others RES,Inelastic supply / fixed profile,124
ERAA 2025 pre-CfE,2035,SK00,Waste,Others RES,Inelastic supply / fixed profile,181
ERAA 2025 pre-CfE,2035,UK00,Small biomass,Others RES,Available on market,5098
ERAA 2025 pre-CfE,2035,UK00,Waste,Others RES,Available on market,3233
ERAA 2025 pre-CfE,2035,AL00,Solar PV utility non-tracking,Solar,Available on market,5
ERAA 2025 pre-CfE,2035,AL00,Solar PV utility tracking,Solar,Available on market,1395
ERAA 2025 pre-CfE,2035,AT00,Solar PV utility non-tracking,Solar,Available on market,20500
ERAA 2025 pre-CfE,2035,AT00,Solar PV rooftop residential,Solar,Out of market – for PV/battery dispatch optimization,10500
ERAA 2025 pre-CfE,2035,BA00,Solar PV utility non-tracking,Solar,Available on market,1945
ERAA 2025 pre-CfE,2035,BE00,Solar PV rooftop residential,Solar,Available on market,20088
ERAA 2025 pre-CfE,2035,BG00,Solar PV utility non-tracking,Solar,Available on market,9451
ERAA 2025 pre-CfE,2035,CH00,Solar PV utility non-tracking,Solar,Available on market,580
ERAA 2025 pre-CfE,2035,CH00,Solar PV rooftop industrial,Solar,Out of market – for PV/battery dispatch optimization,14457
ERAA 2025 pre-CfE,2035,CH00,Solar PV rooftop residential,Solar,Out of market – for PV/battery dispatch optimization,9638
ERAA 2025 pre-CfE,2035,CY00,Solar PV rooftop industrial,Solar,Available on market,98
ERAA 2025 pre-CfE,2035,CY00,Solar PV rooftop residential,Solar,Available on market,557
ERAA 2025 pre-CfE,2035,CY00,Solar PV utility non-tracking,Solar,Available on market,1189
ERAA 2025 pre-CfE,2035,CY00,Solar PV utility tracking,Solar,Available on market,63
ERAA 2025 pre-CfE,2035,CZ00,Solar PV rooftop residential,Solar,Available on market,553
ERAA 2025 pre-CfE,2035,CZ00,Solar PV utility non-tracking,Solar,Available on market,10512
ERAA 2025 pre-CfE,2035,DE00,Solar PV rooftop industrial,Solar,Available on market,53520
ERAA 2025 pre-CfE,2035,DE00,Solar PV rooftop residential,Solar,Available on market,119126
ERAA 2025 pre-CfE,2035,DE00,Solar PV utility non-tracking,Solar,Available on market,136354
ERAA 2025 pre-CfE,2035,DKE1,Solar PV rooftop industrial,Solar,Available on market,1606
ERAA 2025 pre-CfE,2035,DKE1,Solar PV rooftop residential,Solar,Available on market,1155
ERAA 2025 pre-CfE,2035,DKE1,Solar PV utility non-tracking,Solar,Available on market,4763
ERAA 2025 pre-CfE,2035,DKE1,Solar PV utility tracking,Solar,Available on market,1412
ERAA 2025 pre-CfE,2035,DKW1,Solar PV rooftop industrial,Solar,Available on market,2416
ERAA 2025 pre-CfE,2035,DKW1,Solar PV rooftop residential,Solar,Available on market,1925
ERAA 2025 pre-CfE,2035,DKW1,Solar PV utility non-tracking,Solar,Available on market,14155
ERAA 2025 pre-CfE,2035,DKW1,Solar PV utility tracking,Solar,Available on market,4125
ERAA 2025 pre-CfE,2035,EE00,Solar PV utility non-tracking,Solar,Available on market,1600
ERAA 2025 pre-CfE,2035,ES00,Solar PV rooftop residential,Solar,Available on market,23833
ERAA 2025 pre-CfE,2035,ES00,Solar PV utility non-tracking,Solar,Available on market,52683
ERAA 2025 pre-CfE,2035,ES00,Solar PV utility tracking,Solar,Available on market,36049
ERAA 2025 pre-CfE,2035,ES00,Solar thermal with storage,Solar,Available on market,3534
ERAA 2025 pre-CfE,2035,ES00,Solar thermal without storage,Solar,Available on market,1271
ERAA 2025 pre-CfE,2035,FI00,Solar PV rooftop residential,Solar,Available on market,4218
ERAA 2025 pre-CfE,2035,FI00,Solar PV utility non-tracking,Solar,Available on market,11731
ERAA 2025 pre-CfE,2035,FR00,Solar PV rooftop industrial,Solar,Available on market,19592
ERAA 2025 pre-CfE,2035,FR00,Solar PV rooftop residential,Solar,Available on market,12008
ERAA 2025 pre-CfE,2035,FR00,Solar PV utility non-tracking,Solar,Available on market,31600
ERAA 2025 pre-CfE,2035,GR00,Solar PV rooftop industrial,Solar,Available on market,154
ERAA 2025 pre-CfE,2035,GR00,Solar PV rooftop residential,Solar,Available on market,832
ERAA 2025 pre-CfE,2035,GR00,Solar PV utility non-tracking,Solar,Available on market,16938
ERAA 2025 pre-CfE,2035,GR03,Solar PV rooftop industrial,Solar,Available on market,31
ERAA 2025 pre-CfE,2035,GR03,Solar PV rooftop residential,Solar,Available on market,187
ERAA 2025 pre-CfE,2035,GR03,Solar PV utility non-tracking,Solar,Available on market,313
ERAA 2025 pre-CfE,2035,HR00,Solar PV rooftop industrial,Solar,Available on market,98
ERAA 2025 pre-CfE,2035,HR00,Solar PV rooftop residential,Solar,Available on market,724
ERAA 2025 pre-CfE,2035,HR00,Solar PV utility tracking,Solar,Available on market,892
ERAA 2025 pre-CfE,2035,HU00,Solar PV rooftop industrial,Solar,Available on market,2000
ERAA 2025 pre-CfE,2035,HU00,Solar PV rooftop residential,Solar,Available on market,3693
ERAA 2025 pre-CfE,2035,HU00,Solar PV utility non-tracking,Solar,Available on market,7624
ERAA 2025 pre-CfE,2035,HU00,Solar PV utility tracking,Solar,Available on market,847
ERAA 2025 pre-CfE,2035,HU00,Solar PV rooftop residential,Solar,Out of market – for PV/battery dispatch optimization,222
ERAA 2025 pre-CfE,2035,IE00,Solar PV rooftop residential,Solar,Available on market,3740
ERAA 2025 pre-CfE,2035,IE00,Solar PV utility non-tracking,Solar,Available on market,5482
ERAA 2025 pre-CfE,2035,ITCA,Solar PV rooftop industrial,Solar,Available on market,945
ERAA 2025 pre-CfE,2035,ITCA,Solar PV utility non-tracking,Solar,Available on market,623
ERAA 2025 pre-CfE,2035,ITCA,Solar PV utility tracking,Solar,Available on market,1380
ERAA 2025 pre-CfE,2035,ITCN,Solar PV rooftop industrial,Solar,Available on market,3028
ERAA 2025 pre-CfE,2035,ITCN,Solar PV utility non-tracking,Solar,Available on market,2982
ERAA 2025 pre-CfE,2035,ITCN,Solar PV utility tracking,Solar,Available on market,2888
ERAA 2025 pre-CfE,2035,ITCS,Solar PV rooftop industrial,Solar,Available on market,4498
ERAA 2025 pre-CfE,2035,ITCS,Solar PV utility non-tracking,Solar,Available on market,3895
ERAA 2025 pre-CfE,2035,ITCS,Solar PV utility tracking,Solar,Available on market,7654
ERAA 2025 pre-CfE,2035,ITN1,Solar PV rooftop industrial,Solar,Available on market,22968
ERAA 2025 pre-CfE,2035,ITN1,Solar PV utility non-tracking,Solar,Available on market,11869
ERAA 2025 pre-CfE,2035,ITN1,Solar PV utility tracking,Solar,Available on market,3078
ERAA 2025 pre-CfE,2035,ITS1,Solar PV rooftop industrial,Solar,Available on market,1313
ERAA 2025 pre-CfE,2035,ITS1,Solar PV utility non-tracking,Solar,Available on market,3889
ERAA 2025 pre-CfE,2035,ITS1,Solar PV utility tracking,Solar,Available on market,8128
ERAA 2025 pre-CfE,2035,ITS1,Solar thermal without storage,Solar,Available on market,40
ERAA 2025 pre-CfE,2035,ITSA,Solar PV rooftop industrial,Solar,Available on market,1356
ERAA 2025 pre-CfE,2035,ITSA,Solar PV utility non-tracking,Solar,Available on market,1378
ERAA 2025 pre-CfE,2035,ITSA,Solar PV utility tracking,Solar,Available on market,4315
ERAA 2025 pre-CfE,2035,ITSI,Solar PV rooftop industrial,Solar,Available on market,2650
ERAA 2025 pre-CfE,2035,ITSI,Solar PV utility non-tracking,Solar,Available on market,2074
ERAA 2025 pre-CfE,2035,ITSI,Solar PV utility tracking,Solar,Available on market,6597
ERAA 2025 pre-CfE,2035,ITSI,Solar thermal without storage,Solar,Available on market,40
ERAA 2025 pre-CfE,2035,LT00,Solar PV rooftop residential,Solar,Available on market,1700
ERAA 2025 pre-CfE,2035,LT00,Solar PV utility non-tracking,Solar,Available on market,3300
ERAA 2025 pre-CfE,2035,LUG1,Solar PV rooftop residential,Solar,Available on market,740
ERAA 2025 pre-CfE,2035,LUG1,Solar PV utility non-tracking,Solar,Available on market,317
ERAA 2025 pre-CfE,2035,LV00,Solar PV rooftop industrial,Solar,Available on market,730
ERAA 2025 pre-CfE,2035,LV00,Solar PV rooftop residential,Solar,Available on market,560
ERAA 2025 pre-CfE,2035,LV00,Solar thermal without storage,Solar,Available on market,70
ERAA 2025 pre-CfE,2035,MD00,Solar PV rooftop residential,Solar,Available on market,9
ERAA 2025 pre-CfE,2035,MD00,Solar PV utility non-tracking,Solar,Available on market,608
ERAA 2025 pre-CfE,2035,ME00,Solar PV rooftop industrial,Solar,Available on market,750
ERAA 2025 pre-CfE,2035,MK00,Solar PV rooftop residential,Solar,Available on market,1142
ERAA 2025 pre-CfE,2035,MK00,Solar PV utility non-tracking,Solar,Available on market,980
ERAA 2025 pre-CfE,2035,MT00,Solar PV rooftop industrial,Solar,Available on market,163
ERAA 2025 pre-CfE,2035,MT00,Solar PV rooftop residential,Solar,Available on market,119
ERAA 2025 pre-CfE,2035,MT00,Solar PV utility non-tracking,Solar,Available on market,63
ERAA 2025 pre-CfE,2035,NL00,Solar PV rooftop industrial,Solar,Available on market,24280
ERAA 2025 pre-CfE,2035,NL00,Solar PV rooftop residential,Solar,Available on market,27351
ERAA 2025 pre-CfE,2035,NL00,Solar PV utility tracking,Solar,Available on market,19307
ERAA 2025 pre-CfE,2035,NOM1,Solar PV rooftop industrial,Solar,Available on market,1700
ERAA 2025 pre-CfE,2035,NON1,Solar PV rooftop industrial,Solar,Available on market,100
ERAA 2025 pre-CfE,2035,NOS1,Solar PV rooftop industrial,Solar,Available on market,2615
ERAA 2025 pre-CfE,2035,NOS2,Solar PV rooftop industrial,Solar,Available on market,2200
ERAA 2025 pre-CfE,2035,NOS3,Solar PV rooftop industrial,Solar,Available on market,699
ERAA 2025 pre-CfE,2035,PL00,Solar PV rooftop residential,Solar,Available on market,17000
ERAA 2025 pre-CfE,2035,PL00,Solar PV utility non-tracking,Solar,Available on market,20901
ERAA 2025 pre-CfE,2035,PT00,Solar PV rooftop industrial,Solar,Available on market,1039
ERAA 2025 pre-CfE,2035,PT00,Solar PV utility non-tracking,Solar,Available on market,20219
ERAA 2025 pre-CfE,2035,RO00,Solar PV rooftop residential,Solar,Available on market,6000
ERAA 2025 pre-CfE,2035,RO00,Solar PV utility non-tracking,Solar,Available on market,8800
ERAA 2025 pre-CfE,2035,RS00,Solar PV rooftop residential,Solar,Available on market,1684
ERAA 2025 pre-CfE,2035,RS00,Solar PV utility non-tracking,Solar,Available on market,3169
ERAA 2025 pre-CfE,2035,SE01,Solar PV rooftop residential,Solar,Available on market,330
ERAA 2025 pre-CfE,2035,SE01,Solar PV utility non-tracking,Solar,Available on market,330
ERAA 2025 pre-CfE,2035,SE02,Solar PV rooftop residential,Solar,Available on market,286
ERAA 2025 pre-CfE,2035,SE02,Solar PV utility non-tracking,Solar,Available on market,550
ERAA 2025 pre-CfE,2035,SE03,Solar PV rooftop residential,Solar,Available on market,4159
ERAA 2025 pre-CfE,2035,SE03,Solar PV utility non-tracking,Solar,Available on market,1880
ERAA 2025 pre-CfE,2035,SE04,Solar PV rooftop residential,Solar,Available on market,1814
ERAA 2025 pre-CfE,2035,SE04,Solar PV utility non-tracking,Solar,Available on market,730
ERAA 2025 pre-CfE,2035,SI00,Solar PV rooftop residential,Solar,Inelastic supply / fixed profile,2575
ERAA 2025 pre-CfE,2035,SI00,Solar PV utility non-tracking,Solar,Inelastic supply / fixed profile,1577
ERAA 2025 pre-CfE,2035,SK00,Solar PV rooftop industrial,Solar,Available on market,900
ERAA 2025 pre-CfE,2035,SK00,Solar PV rooftop residential,Solar,Available on market,1017
ERAA 2025 pre-CfE,2035,SK00,Solar PV utility non-tracking,Solar,Available on market,39
ERAA 2025 pre-CfE,2035,UK00,Solar PV utility non-tracking,Solar,Available on market,48674
ERAA 2025 pre-CfE,2035,UKNI,Solar PV utility non-tracking,Solar,Available on market,950
ERAA 2025 pre-CfE,2035,AT00,Battery utility scale,Storage,Available on market,3600
ERAA 2025 pre-CfE,2035,AT00,Electrolyser,Storage,Available on market,3050
ERAA 2025 pre-CfE,2035,AT00,Battery residential,Storage,Out of market – for PV/battery dispatch optimization,4850
ERAA 2025 pre-CfE,2035,BE00,Battery residential,Storage,Available on market,1260
ERAA 2025 pre-CfE,2035,BE00,Battery utility scale,Storage,Available on market,2487
ERAA 2025 pre-CfE,2035,BE00,Electrolyser,Storage,Available on market,150
ERAA 2025 pre-CfE,2035,BG00,Battery utility scale,Storage,Available on market,1120
ERAA 2025 pre-CfE,2035,BG00,Electrolyser,Storage,Available on market,872
ERAA 2025 pre-CfE,2035,CH00,Electrolyser,Storage,Available on market,988
ERAA 2025 pre-CfE,2035,CH00,Battery residential,Storage,Out of market – for PV/battery dispatch optimization,2986
ERAA 2025 pre-CfE,2035,CH00,Battery utility scale,Storage,Out of market - primary purpose ancillary service,105
ERAA 2025 pre-CfE,2035,CY00,Battery utility scale,Storage,Available on market,160
ERAA 2025 pre-CfE,2035,CY00,Electrolyser,Storage,Available on market,41
ERAA 2025 pre-CfE,2035,CZ00,Battery utility scale,Storage,Available on market,2031
ERAA 2025 pre-CfE,2035,CZ00,Electrolyser,Storage,Available on market,128
ERAA 2025 pre-CfE,2035,DE00,Battery residential,Storage,Available on market,11477
ERAA 2025 pre-CfE,2035,DE00,Battery utility scale,Storage,Available on market,28076
ERAA 2025 pre-CfE,2035,DE00,Electrolyser,Storage,Available on market,27857
ERAA 2025 pre-CfE,2035,DE00,Hydrogen,Storage,Available on market,16537
ERAA 2025 pre-CfE,2035,DE00,Power to heat,Storage,Available on market,9696
ERAA 2025 pre-CfE,2035,DE00,Battery residential,Storage,Out of market – for PV/battery dispatch optimization,36343
ERAA 2025 pre-CfE,2035,DKB2_OFF,Electrolyser,Storage,Available on market,400
ERAA 2025 pre-CfE,2035,DKE1,Battery utility scale,Storage,Available on market,294
ERAA 2025 pre-CfE,2035,DKE1,Electrolyser,Storage,Available on market,796
ERAA 2025 pre-CfE,2035,DKHE_OFF,Electrolyser,Storage,Available on market,100
ERAA 2025 pre-CfE,2035,DKK2_OFF,Electrolyser,Storage,Available on market,400
ERAA 2025 pre-CfE,2035,DKKA_OFF,Electrolyser,Storage,Available on market,100
ERAA 2025 pre-CfE,2035,DKN1_OFF,Electrolyser,Storage,Available on market,1500
ERAA 2025 pre-CfE,2035,DKW1,Battery utility scale,Storage,Available on market,525
ERAA 2025 pre-CfE,2035,DKW1,Electrolyser,Storage,Available on market,5721
ERAA 2025 pre-CfE,2035,EE00,Battery utility scale,Storage,Available on market,1500
ERAA 2025 pre-CfE,2035,ES00,Battery residential,Storage,Available on market,1349
ERAA 2025 pre-CfE,2035,ES00,Battery utility scale,Storage,Available on market,15838
ERAA 2025 pre-CfE,2035,ES00,Electrolyser,Storage,Available on market,29200
ERAA 2025 pre-CfE,2035,FI00,Battery utility scale,Storage,Available on market,4711
ERAA 2025 pre-CfE,2035,FI00,Electrolyser,Storage,Available on market,2943
ERAA 2025 pre-CfE,2035,FI00,Power to heat,Storage,Available on market,4351
ERAA 2025 pre-CfE,2035,FR00,Battery utility scale,Storage,Available on market,470
ERAA 2025 pre-CfE,2035,FR00,Electrolyser,Storage,Available on market,11198
ERAA 2025 pre-CfE,2035,GR00,Battery utility scale,Storage,Available on market,6015
ERAA 2025 pre-CfE,2035,GR00,Electrolyser,Storage,Available on market,231
ERAA 2025 pre-CfE,2035,GR03,Battery utility scale,Storage,Available on market,150
ERAA 2025 pre-CfE,2035,HR00,Battery utility scale,Storage,Available on market,66
ERAA 2025 pre-CfE,2035,HR00,Electrolyser,Storage,Available on market,70
ERAA 2025 pre-CfE,2035,HU00,Battery utility scale,Storage,Available on market,538
ERAA 2025 pre-CfE,2035,HU00,Electrolyser,Storage,Available on market,240
ERAA 2025 pre-CfE,2035,HU00,Battery residential,Storage,Out of market – for PV/battery dispatch optimization,222
ERAA 2025 pre-CfE,2035,HU00,Battery utility scale,Storage,Out of market - primary purpose ancillary service,1077
ERAA 2025 pre-CfE,2035,HU00,Power to heat,Storage,Out of market - primary purpose ancillary service,246
ERAA 2025 pre-CfE,2035,IE00,Battery utility scale,Storage,Available on market,1078
ERAA 2025 pre-CfE,2035,ITCA,Battery residential,Storage,Available on market,181
ERAA 2025 pre-CfE,2035,ITCA,Battery utility scale,Storage,Available on market,720
ERAA 2025 pre-CfE,2035,ITCA,Electrolyser,Storage,Available on market,350
ERAA 2025 pre-CfE,2035,ITCN,Battery residential,Storage,Available on market,677
ERAA 2025 pre-CfE,2035,ITCN,Battery utility scale,Storage,Available on market,20
ERAA 2025 pre-CfE,2035,ITCN,Electrolyser,Storage,Available on market,215
ERAA 2025 pre-CfE,2035,ITCS,Battery residential,Storage,Available on market,1108
ERAA 2025 pre-CfE,2035,ITCS,Battery utility scale,Storage,Available on market,1545
ERAA 2025 pre-CfE,2035,ITCS,Electrolyser,Storage,Available on market,480
ERAA 2025 pre-CfE,2035,ITN1,Battery residential,Storage,Available on market,4267
ERAA 2025 pre-CfE,2035,ITN1,Battery utility scale,Storage,Available on market,790
ERAA 2025 pre-CfE,2035,ITN1,Electrolyser,Storage,Available on market,905
ERAA 2025 pre-CfE,2035,ITS1,Battery residential,Storage,Available on market,351
ERAA 2025 pre-CfE,2035,ITS1,Battery utility scale,Storage,Available on market,3630
ERAA 2025 pre-CfE,2035,ITS1,Electrolyser,Storage,Available on market,1975
ERAA 2025 pre-CfE,2035,ITSA,Battery residential,Storage,Available on market,232
ERAA 2025 pre-CfE,2035,ITSA,Battery utility scale,Storage,Available on market,2590
ERAA 2025 pre-CfE,2035,ITSA,Electrolyser,Storage,Available on market,225
ERAA 2025 pre-CfE,2035,ITSI,Battery residential,Storage,Available on market,433
ERAA 2025 pre-CfE,2035,ITSI,Battery utility scale,Storage,Available on market,2860
ERAA 2025 pre-CfE,2035,ITSI,Electrolyser,Storage,Available on market,1025
ERAA 2025 pre-CfE,2035,LT00,Battery utility scale,Storage,Available on market,1750
ERAA 2025 pre-CfE,2035,LT00,Electrolyser,Storage,Available on market,1300
ERAA 2025 pre-CfE,2035,LUG1,Electrolyser,Storage,Available on market,141
ERAA 2025 pre-CfE,2035,LUG1,Battery residential,Storage,Out of market – for PV/battery dispatch optimization,38
ERAA 2025 pre-CfE,2035,LV00,Battery utility scale,Storage,Available on market,420
ERAA 2025 pre-CfE,2035,LV00,Electrolyser,Storage,Available on market,1000
ERAA 2025 pre-CfE,2035,LV00,Battery utility scale,Storage,Out of market - primary purpose ancillary service,80
ERAA 2025 pre-CfE,2035,MD00,Battery utility scale,Storage,Out of market - primary purpose ancillary service,80
ERAA 2025 pre-CfE,2035,MK00,Battery utility scale,Storage,Available on market,80
ERAA 2025 pre-CfE,2035,MT00,Battery utility scale,Storage,Available on market,40
ERAA 2025 pre-CfE,2035,NL00,Battery residential,Storage,Available on market,2964
ERAA 2025 pre-CfE,2035,NL00,Battery utility scale,Storage,Available on market,18780
ERAA 2025 pre-CfE,2035,NL00,Electrolyser,Storage,Available on market,5000
ERAA 2025 pre-CfE,2035,NL00,Hydrogen,Storage,Available on market,3072
ERAA 2025 pre-CfE,2035,NL00,Power to heat,Storage,Available on market,2830
ERAA 2025 pre-CfE,2035,NL0A_OFF,Electrolyser,Storage,Available on market,50
ERAA 2025 pre-CfE,2035,NL0K_OFF,Electrolyser,Storage,Available on market,500
ERAA 2025 pre-CfE,2035,NL0U_OFF,Electrolyser,Storage,Available on market,500
ERAA 2025 pre-CfE,2035,PL00,Battery utility scale,Storage,Available on market,3690
ERAA 2025 pre-CfE,2035,PT00,Battery utility scale,Storage,Available on market,2500
ERAA 2025 pre-CfE,2035,PT00,Electrolyser,Storage,Available on market,7401
ERAA 2025 pre-CfE,2035,RO00,Battery utility scale,Storage,Available on market,2000
ERAA 2025 pre-CfE,2035,RS00,Battery utility scale,Storage,Available on market,604
ERAA 2025 pre-CfE,2035,SE01,Battery utility scale,Storage,Available on market,50
ERAA 2025 pre-CfE,2035,SE01,Electrolyser,Storage,Available on market,15503
ERAA 2025 pre-CfE,2035,SE02,Battery utility scale,Storage,Available on market,50
ERAA 2025 pre-CfE,2035,SE03,Battery utility scale,Storage,Available on market,50
ERAA 2025 pre-CfE,2035,SE04,Battery utility scale,Storage,Available on market,50
ERAA 2025 pre-CfE,2035,SI00,Battery residential,Storage,Available on market,803
ERAA 2025 pre-CfE,2035,SI00,Battery utility scale,Storage,Available on market,76
ERAA 2025 pre-CfE,2035,SI00,Electrolyser,Storage,Available on market,300
ERAA 2025 pre-CfE,2035,SI00,Battery utility scale,Storage,Out of market - primary purpose ancillary service,15
ERAA 2025 pre-CfE,2035,SK00,Battery residential,Storage,Available on market,415
ERAA 2025 pre-CfE,2035,SK00,Battery utility scale,Storage,Available on market,384
ERAA 2025 pre-CfE,2035,SK00,Electrolyser,Storage,Available on market,389
ERAA 2025 pre-CfE,2035,SK00,Battery utility scale,Storage,Out of market - primary purpose ancillary service,87
ERAA 2025 pre-CfE,2035,UK00,Battery utility scale,Storage,Available on market,26280
ERAA 2025 pre-CfE,2035,UK00,Hydrogen,Storage,Available on market,6137
ERAA 2025 pre-CfE,2035,UKNI,Battery utility scale,Storage,Available on market,200
ERAA 2025 pre-CfE,2035,AL00,Natural gas,Thermal,Available on market,300
ERAA 2025 pre-CfE,2035,AT00,Light oil,Thermal,Available on market,122
ERAA 2025 pre-CfE,2035,AT00,Natural gas,Thermal,Available on market,2298
ERAA 2025 pre-CfE,2035,BA00,Lignite,Thermal,Available on market,1518
ERAA 2025 pre-CfE,2035,BE00,Biofuel,Thermal,Available on market,354
ERAA 2025 pre-CfE,2035,BE00,Hard coal,Thermal,Available on market,0
ERAA 2025 pre-CfE,2035,BE00,Heavy oil,Thermal,Available on market,140
ERAA 2025 pre-CfE,2035,BE00,Natural gas,Thermal,Available on market,6048
ERAA 2025 pre-CfE,2035,BE00,Nuclear,Thermal,Available on market,2056
ERAA 2025 pre-CfE,2035,BG00,Hard coal,Thermal,Available on market,168
ERAA 2025 pre-CfE,2035,BG00,Lignite,Thermal,Available on market,792
ERAA 2025 pre-CfE,2035,BG00,Natural gas,Thermal,Available on market,1835
ERAA 2025 pre-CfE,2035,BG00,Nuclear,Thermal,Available on market,3200
ERAA 2025 pre-CfE,2035,CH00,Biofuel,Thermal,Available on market,149
ERAA 2025 pre-CfE,2035,CH00,Natural gas,Thermal,Available on market,524
ERAA 2025 pre-CfE,2035,CH00,Nuclear,Thermal,Available on market,2230
ERAA 2025 pre-CfE,2035,CY00,Heavy oil,Thermal,Available on market,98
ERAA 2025 pre-CfE,2035,CY00,Natural gas,Thermal,Available on market,889
ERAA 2025 pre-CfE,2035,CZ00,Natural gas,Thermal,Available on market,3888
ERAA 2025 pre-CfE,2035,CZ00,Nuclear,Thermal,Available on market,4384
ERAA 2025 pre-CfE,2035,CZ00,Natural gas,Thermal,Out of market - primary purpose ancillary service,106
ERAA 2025 pre-CfE,2035,DE00,Heavy oil,Thermal,Available on market,322
ERAA 2025 pre-CfE,2035,DE00,Lignite,Thermal,Available on market,4782
ERAA 2025 pre-CfE,2035,DE00,Natural gas,Thermal,Available on market,17659
ERAA 2025 pre-CfE,2035,DKE1,Biofuel,Thermal,Available on market,720
ERAA 2025 pre-CfE,2035,DKE1,Hard coal,Thermal,Available on market,0
ERAA 2025 pre-CfE,2035,DKE1,Heavy oil,Thermal,Available on market,28
ERAA 2025 pre-CfE,2035,DKE1,Light oil,Thermal,Available on market,549
ERAA 2025 pre-CfE,2035,DKE1,Natural gas,Thermal,Available on market,205
ERAA 2025 pre-CfE,2035,DKW1,Biofuel,Thermal,Available on market,645
ERAA 2025 pre-CfE,2035,DKW1,Hard coal,Thermal,Available on market,17
ERAA 2025 pre-CfE,2035,DKW1,Light oil,Thermal,Available on market,111
ERAA 2025 pre-CfE,2035,DKW1,Natural gas,Thermal,Available on market,431
ERAA 2025 pre-CfE,2035,EE00,Natural gas,Thermal,Available on market,135
ERAA 2025 pre-CfE,2035,ES00,Natural gas,Thermal,Available on market,24560
ERAA 2025 pre-CfE,2035,ES00,Natural gas,Thermal,Inelastic supply / fixed profile,4207
ERAA 2025 pre-CfE,2035,FI00,Biofuel,Thermal,Available on market,1178
ERAA 2025 pre-CfE,2035,FI00,Hard coal,Thermal,Available on market,240
ERAA 2025 pre-CfE,2035,FI00,Natural gas,Thermal,Available on market,964
ERAA 2025 pre-CfE,2035,FI00,Nuclear,Thermal,Available on market,4572
ERAA 2025 pre-CfE,2035,FR00,Light oil,Thermal,Available on market,1331
ERAA 2025 pre-CfE,2035,FR00,Natural gas,Thermal,Available on market,10031
ERAA 2025 pre-CfE,2035,FR00,Nuclear,Thermal,Available on market,63020
ERAA 2025 pre-CfE,2035,GR00,Natural gas,Thermal,Available on market,6347
ERAA 2025 pre-CfE,2035,GR03,Light oil,Thermal,Available on market,144
ERAA 2025 pre-CfE,2035,HR00,Natural gas,Thermal,Available on market,583
ERAA 2025 pre-CfE,2035,HU00,Biofuel,Thermal,Available on market,100
ERAA 2025 pre-CfE,2035,HU00,Hard coal,Thermal,Available on market,0
ERAA 2025 pre-CfE,2035,HU00,Light oil,Thermal,Available on market,495
ERAA 2025 pre-CfE,2035,HU00,Natural gas,Thermal,Available on market,4220
ERAA 2025 pre-CfE,2035,HU00,Nuclear,Thermal,Available on market,4277
ERAA 2025 pre-CfE,2035,IE00,Biofuel,Thermal,Available on market,118
ERAA 2025 pre-CfE,2035,IE00,Light oil,Thermal,Available on market,208
ERAA 2025 pre-CfE,2035,IE00,Lignite,Thermal,Available on market,0
ERAA 2025 pre-CfE,2035,IE00,Natural gas,Thermal,Available on market,5776
ERAA 2025 pre-CfE,2035,ITCA,Natural gas,Thermal,Available on market,3524
ERAA 2025 pre-CfE,2035,ITCN,Light oil,Thermal,Available on market,23
ERAA 2025 pre-CfE,2035,ITCN,Natural gas,Thermal,Available on market,1970
ERAA 2025 pre-CfE,2035,ITCS,Light oil,Thermal,Available on market,96
ERAA 2025 pre-CfE,2035,ITCS,Natural gas,Thermal,Available on market,7866
ERAA 2025 pre-CfE,2035,ITN1,Light oil,Thermal,Available on market,15
ERAA 2025 pre-CfE,2035,ITN1,Natural gas,Thermal,Available on market,27788
ERAA 2025 pre-CfE,2035,ITS1,Natural gas,Thermal,Available on market,5170
ERAA 2025 pre-CfE,2035,ITSA,Light oil,Thermal,Available on market,65
ERAA 2025 pre-CfE,2035,ITSA,Natural gas,Thermal,Available on market,51
ERAA 2025 pre-CfE,2035,ITSI,Natural gas,Thermal,Available on market,3665
ERAA 2025 pre-CfE,2035,LT00,Natural gas,Thermal,Available on market,624
ERAA 2025 pre-CfE,2035,LV00,Natural gas,Thermal,Available on market,1051
ERAA 2025 pre-CfE,2035,MD00,Hard coal,Thermal,Available on market,550
ERAA 2025 pre-CfE,2035,MD00,Natural gas,Thermal,Available on market,780
ERAA 2025 pre-CfE,2035,MD00,Natural gas,Thermal,Inelastic supply / fixed profile,409
ERAA 2025 pre-CfE,2035,ME00,Lignite,Thermal,Available on market,225
ERAA 2025 pre-CfE,2035,MK00,Natural gas,Thermal,Available on market,760
ERAA 2025 pre-CfE,2035,MT00,Natural gas,Thermal,Available on market,505
ERAA 2025 pre-CfE,2035,NL00,Biofuel,Thermal,Available on market,2211
ERAA 2025 pre-CfE,2035,NL00,Hard coal,Thermal,Available on market,0
ERAA 2025 pre-CfE,2035,NL00,Natural gas,Thermal,Available on market,12253
ERAA 2025 pre-CfE,2035,NL00,Nuclear,Thermal,Available on market,486
ERAA 2025 pre-CfE,2035,NOS2,Natural gas,Thermal,Available on market,14
ERAA 2025 pre-CfE,2035,NOS3,Natural gas,Thermal,Available on market,7
ERAA 2025 pre-CfE,2035,PL00,Hard coal,Thermal,Available on market,7162
ERAA 2025 pre-CfE,2035,PL00,Lignite,Thermal,Available on market,2666
ERAA 2025 pre-CfE,2035,PL00,Natural gas,Thermal,Available on market,8774
ERAA 2025 pre-CfE,2035,PT00,Natural gas,Thermal,Available on market,2055
ERAA 2025 pre-CfE,2035,PT00,Natural gas,Thermal,Inelastic supply / fixed profile,642
ERAA 2025 pre-CfE,2035,RO00,Natural gas,Thermal,Available on market,5567
ERAA 2025 pre-CfE,2035,RO00,Nuclear,Thermal,Available on market,3087
ERAA 2025 pre-CfE,2035,RS00,Lignite,Thermal,Available on market,5050
ERAA 2025 pre-CfE,2035,RS00,Natural gas,Thermal,Available on market,401
ERAA 2025 pre-CfE,2035,SE03,Natural gas,Thermal,Available on market,180
ERAA 2025 pre-CfE,2035,SE03,Nuclear,Thermal,Available on market,8081
ERAA 2025 pre-CfE,2035,SI00,Natural gas,Thermal,Available on market,914
ERAA 2025 pre-CfE,2035,SI00,Nuclear,Thermal,Available on market,700
ERAA 2025 pre-CfE,2035,SI00,Natural gas,Thermal,Mothballed,58
ERAA 2025 pre-CfE,2035,SK00,Biofuel,Thermal,Available on market,19
ERAA 2025 pre-CfE,2035,SK00,Hard coal,Thermal,Available on market,291
ERAA 2025 pre-CfE,2035,SK00,Heavy oil,Thermal,Available on market,133
ERAA 2025 pre-CfE,2035,SK00,Lignite,Thermal,Available on market,66
ERAA 2025 pre-CfE,2035,SK00,Natural gas,Thermal,Available on market,837
ERAA 2025 pre-CfE,2035,SK00,Nuclear,Thermal,Available on market,2830
ERAA 2025 pre-CfE,2035,SK00,Natural gas,Thermal,Inelastic supply / fixed profile,125
ERAA 2025 pre-CfE,2035,SK00,Light oil,Thermal,Out of market - primary purpose ancillary service,109
ERAA 2025 pre-CfE,2035,SK00,Natural gas,Thermal,Out of market - primary purpose ancillary service,206
ERAA 2025 pre-CfE,2035,UK00,Heavy oil,Thermal,Available on market,108
ERAA 2025 pre-CfE,2035,UK00,Natural gas,Thermal,Available on market,27703
ERAA 2025 pre-CfE,2035,UK00,Nuclear,Thermal,Available on market,6000
ERAA 2025 pre-CfE,2035,UKNI,Biofuel,Thermal,Available on market,18
ERAA 2025 pre-CfE,2035,UKNI,Light oil,Thermal,Available on market,390
ERAA 2025 pre-CfE,2035,UKNI,Lignite,Thermal,Available on market,0
ERAA 2025 pre-CfE,2035,UKNI,Natural gas,Thermal,Available on market,1777
ERAA 2025 pre-CfE,2035,AL00,Wind onshore,Wind,Available on market,900
ERAA 2025 pre-CfE,2035,AT00,Wind onshore,Wind,Available on market,10000
ERAA 2025 pre-CfE,2035,BA00,Wind onshore,Wind,Available on market,1047
ERAA 2025 pre-CfE,2035,BE00,Wind offshore fixed,Wind,Available on market,4360
ERAA 2025 pre-CfE,2035,BE00,Wind onshore,Wind,Available on market,7272
ERAA 2025 pre-CfE,2035,BEO1_OFF,Wind offshore fixed,Wind,Available on market,1400
ERAA 2025 pre-CfE,2035,BG00,Wind offshore fixed,Wind,Available on market,1707
ERAA 2025 pre-CfE,2035,BG00,Wind onshore,Wind,Available on market,2724
ERAA 2025 pre-CfE,2035,CH00,Wind onshore,Wind,Available on market,252
ERAA 2025 pre-CfE,2035,CY00,Wind onshore,Wind,Available on market,170
ERAA 2025 pre-CfE,2035,CZ00,Wind onshore,Wind,Available on market,2475
ERAA 2025 pre-CfE,2035,DE00,Wind offshore fixed,Wind,Available on market,50089
ERAA 2025 pre-CfE,2035,DE00,Wind onshore,Wind,Available on market,157000
ERAA 2025 pre-CfE,2035,DEKF_OFF,Wind offshore fixed,Wind,Available on market,336
ERAA 2025 pre-CfE,2035,DKB2_OFF,Wind offshore fixed,Wind,Available on market,3400
ERAA 2025 pre-CfE,2035,DKE1,Wind offshore fixed,Wind,Available on market,773
ERAA 2025 pre-CfE,2035,DKE1,Wind onshore,Wind,Available on market,991
ERAA 2025 pre-CfE,2035,DKHE_OFF,Wind offshore fixed,Wind,Available on market,1100
ERAA 2025 pre-CfE,2035,DKK2_OFF,Wind offshore fixed,Wind,Available on market,1400
ERAA 2025 pre-CfE,2035,DKKA_OFF,Wind offshore fixed,Wind,Available on market,1100
ERAA 2025 pre-CfE,2035,DKKF_OFF,Wind offshore fixed,Wind,Available on market,605
ERAA 2025 pre-CfE,2035,DKN1_OFF,Wind offshore fixed,Wind,Available on market,4500
ERAA 2025 pre-CfE,2035,DKN2_OFF,Wind offshore fixed,Wind,Available on market,499
ERAA 2025 pre-CfE,2035,DKN6_OFF,Wind offshore fixed,Wind,Available on market,1677
ERAA 2025 pre-CfE,2035,DKW1,Wind offshore fixed,Wind,Available on market,2790
ERAA 2025 pre-CfE,2035,DKW1,Wind onshore,Wind,Available on market,6000
ERAA 2025 pre-CfE,2035,EE00,Wind offshore fixed,Wind,Available on market,1000
ERAA 2025 pre-CfE,2035,EE00,Wind onshore,Wind,Available on market,3000
ERAA 2025 pre-CfE,2035,ES00,Wind onshore,Wind,Available on market,93368
ERAA 2025 pre-CfE,2035,ESA1_OFF,Wind offshore floating,Wind,Available on market,300
ERAA 2025 pre-CfE,2035,ESA2_OFF,Wind offshore floating,Wind,Available on market,400
ERAA 2025 pre-CfE,2035,ESAS_OFF,Wind offshore floating,Wind,Available on market,250
ERAA 2025 pre-CfE,2035,ESC1_OFF,Wind offshore floating,Wind,Available on market,300
ERAA 2025 pre-CfE,2035,ESG1_OFF,Wind offshore floating,Wind,Available on market,1350
ERAA 2025 pre-CfE,2035,ESG2_OFF,Wind offshore floating,Wind,Available on market,200
ERAA 2025 pre-CfE,2035,FI00,Wind offshore fixed,Wind,Available on market,3300
ERAA 2025 pre-CfE,2035,FI00,Wind onshore,Wind,Available on market,30879
ERAA 2025 pre-CfE,2035,FR00,Wind offshore fixed,Wind,Available on market,12430
ERAA 2025 pre-CfE,2035,FR00,Wind offshore floating,Wind,Available on market,5545
ERAA 2025 pre-CfE,2035,FR00,Wind onshore,Wind,Available on market,37580
ERAA 2025 pre-CfE,2035,GR00,Wind offshore floating,Wind,Available on market,1499
ERAA 2025 pre-CfE,2035,GR00,Wind onshore,Wind,Available on market,8726
ERAA 2025 pre-CfE,2035,GR03,Wind offshore floating,Wind,Available on market,200
ERAA 2025 pre-CfE,2035,GR03,Wind onshore,Wind,Available on market,775
ERAA 2025 pre-CfE,2035,HR00,Wind onshore,Wind,Available on market,1551
ERAA 2025 pre-CfE,2035,HU00,Wind onshore,Wind,Available on market,1675
ERAA 2025 pre-CfE,2035,IE00,Wind offshore fixed,Wind,Available on market,4481
ERAA 2025 pre-CfE,2035,IE00,Wind onshore,Wind,Available on market,9190
ERAA 2025 pre-CfE,2035,ITCA,Wind offshore fixed,Wind,Available on market,186
ERAA 2025 pre-CfE,2035,ITCA,Wind onshore,Wind,Available on market,2771
ERAA 2025 pre-CfE,2035,ITCN,Wind offshore fixed,Wind,Available on market,320
ERAA 2025 pre-CfE,2035,ITCN,Wind onshore,Wind,Available on market,318
ERAA 2025 pre-CfE,2035,ITCS,Wind offshore fixed,Wind,Available on market,521
ERAA 2025 pre-CfE,2035,ITCS,Wind onshore,Wind,Available on market,5856
ERAA 2025 pre-CfE,2035,ITN1,Wind offshore fixed,Wind,Available on market,622
ERAA 2025 pre-CfE,2035,ITN1,Wind onshore,Wind,Available on market,504
ERAA 2025 pre-CfE,2035,ITS1,Wind offshore fixed,Wind,Available on market,1968
ERAA 2025 pre-CfE,2035,ITS1,Wind onshore,Wind,Available on market,11393
ERAA 2025 pre-CfE,2035,ITSA,Wind offshore fixed,Wind,Available on market,1415
ERAA 2025 pre-CfE,2035,ITSA,Wind onshore,Wind,Available on market,2870
ERAA 2025 pre-CfE,2035,ITSI,Wind offshore fixed,Wind,Available on market,1418
ERAA 2025 pre-CfE,2035,ITSI,Wind onshore,Wind,Available on market,5288
ERAA 2025 pre-CfE,2035,LT00,Wind onshore,Wind,Available on market,5520
ERAA 2025 pre-CfE,2035,LTH1_OFF,Wind offshore fixed,Wind,Available on market,1400
ERAA 2025 pre-CfE,2035,LUG1,Wind onshore,Wind,Available on market,563
ERAA 2025 pre-CfE,2035,LV00,Wind offshore fixed,Wind,Available on market,1000
ERAA 2025 pre-CfE,2035,LV00,Wind onshore,Wind,Available on market,644
ERAA 2025 pre-CfE,2035,MD00,Wind onshore,Wind,Available on market,867
ERAA 2025 pre-CfE,2035,ME00,Wind onshore,Wind,Available on market,313
ERAA 2025 pre-CfE,2035,MK00,Wind onshore,Wind,Available on market,274
ERAA 2025 pre-CfE,2035,MT00,Wind offshore floating,Wind,Available on market,300
ERAA 2025 pre-CfE,2035,NL00,Wind offshore fixed,Wind,Available on market,18874
ERAA 2025 pre-CfE,2035,NL00,Wind onshore,Wind,Available on market,9330
ERAA 2025 pre-CfE,2035,NL0J_OFF,Wind offshore fixed,Wind,Available on market,2000
ERAA 2025 pre-CfE,2035,NL0K_OFF,Wind offshore fixed,Wind,Available on market,2000
ERAA 2025 pre-CfE,2035,NL0U_OFF,Wind offshore fixed,Wind,Available on market,700
ERAA 2025 pre-CfE,2035,NL0W_OFF,Wind offshore fixed,Wind,Available on market,2000
ERAA 2025 pre-CfE,2035,NLLL_OFF,Wind offshore fixed,Wind,Available on market,2000
ERAA 2025 pre-CfE,2035,NOM1,Wind onshore,Wind,Available on market,2486
ERAA 2025 pre-CfE,2035,NON1,Wind onshore,Wind,Available on market,1522
ERAA 2025 pre-CfE,2035,NOS1,Wind onshore,Wind,Available on market,406
ERAA 2025 pre-CfE,2035,NOS2,Wind onshore,Wind,Available on market,1273
ERAA 2025 pre-CfE,2035,NOS3,Wind onshore,Wind,Available on market,160
ERAA 2025 pre-CfE,2035,NOSF_OFF,Wind offshore fixed,Wind,Available on market,2800
ERAA 2025 pre-CfE,2035,NOWF_OFF,Wind offshore floating,Wind,Available on market,500
ERAA 2025 pre-CfE,2035,PL00,Wind offshore fixed,Wind,Available on market,12233
ERAA 2025 pre-CfE,2035,PL00,Wind onshore,Wind,Available on market,23042
ERAA 2025 pre-CfE,2035,PT00,Wind offshore floating,Wind,Available on market,5600
ERAA 2025 pre-CfE,2035,PT00,Wind onshore,Wind,Available on market,10015
ERAA 2025 pre-CfE,2035,RO00,Wind offshore fixed,Wind,Available on market,1500
ERAA 2025 pre-CfE,2035,RO00,Wind onshore,Wind,Available on market,7600
ERAA 2025 pre-CfE,2035,RS00,Wind onshore,Wind,Available on market,6531
ERAA 2025 pre-CfE,2035,SE01,Wind onshore,Wind,Available on market,5846
ERAA 2025 pre-CfE,2035,SE02,Wind onshore,Wind,Available on market,9009
ERAA 2025 pre-CfE,2035,SE03,Wind offshore fixed,Wind,Available on market,1033
ERAA 2025 pre-CfE,2035,SE03,Wind onshore,Wind,Available on market,6136
ERAA 2025 pre-CfE,2035,SE04,Wind offshore fixed,Wind,Available on market,1295
ERAA 2025 pre-CfE,2035,SE04,Wind onshore,Wind,Available on market,2833
ERAA 2025 pre-CfE,2035,SI00,Wind onshore,Wind,Inelastic supply / fixed profile,208
ERAA 2025 pre-CfE,2035,SK00,Wind onshore,Wind,Available on market,750
ERAA 2025 pre-CfE,2035,UK00,Wind offshore fixed,Wind,Available on market,78179
ERAA 2025 pre-CfE,2035,UK00,Wind offshore floating,Wind,Available on market,400
ERAA 2025 pre-CfE,2035,UK00,Wind onshore,Wind,Available on market,30749
ERAA 2025 pre-CfE,2035,UKNI,Wind offshore fixed,Wind,Available on market,500
ERAA 2025 pre-CfE,2035,UKNI,Wind onshore,Wind,Available on market,2860
